,Unnamed: 0,index,longitude,latitude,altitude,icao24,callsign,groundspeed,cos_sza,flight_id,air_temperature,eastward_wind,northward_wind,true_airspeed,aircraft_mass,engine_efficiency,fuel_flow,fuel_burn,thrust,rocd,specific_humidity_emissions,air_pressure,rhi_emissions,fuel_flow_per_engine,thrust_setting,flight_phase,WAR,engine_model,SAF,LHV,ei_h2o,ei_co2_conservative,ei_co2_optimistic,W3_no_water_injection,water_injection_kg_s,mach,thrust_per_engine,ei_nox_py,ei_nvpm_mass_py,ei_nvpm_number_py,PT3,TT3,TT4,specific_humidity_gsp,FAR,fuel_flow_gsp,thrust_gsp,W3,W3_no_specific_humid,WAR_gsp,thrust_setting_meem,nvpm_ei_n,fuel_flow_corrected,ei_nox,nvpm_ei_m,ei_co2,wingspan,time,issr_specific_humidity,issr_rhi,issr_issr,cocip_waypoint,cocip_level,cocip_specific_humidity,cocip_u_wind,cocip_v_wind,cocip_rhi,cocip_tau_cirrus,cocip_specific_cloud_ice_water_content,cocip_rho_air,cocip_sdr,cocip_segment_length,cocip_sin_a,cocip_cos_a,cocip_G,cocip_T_sat_liquid,cocip_rh,cocip_rh_critical_sac,cocip_sac,cocip_T_critical_sac,cocip_width,cocip_depth,cocip_rhi_1,cocip_air_temperature_1,cocip_specific_humidity_1,cocip_altitude_1,cocip_persistent_1,cocip_dT_dz,cocip_ds_dz,cocip_dz_max,cocip_rho_air_1,cocip_iwc_1,cocip_n_ice_per_m_1,cocip_ef,cocip_contrail_age,cocip_global_yearly_mean_rf,cocip_atr20,cocip_sdr_mean,cocip_sdr_min,cocip_sdr_max,cocip_rsr_mean,cocip_rsr_min,cocip_rsr_max,cocip_olr_mean,cocip_olr_min,cocip_olr_max,cocip_rf_sw_mean,cocip_rf_sw_min,cocip_rf_sw_max,cocip_rf_lw_mean,cocip_rf_lw_min,cocip_rf_lw_max,cocip_rf_net_mean,cocip_rf_net_min,cocip_rf_net_max,cocip_cocip,cocip_mean_contrail_altitude,cocip_mean_rhi,cocip_std_rhi,cocip_mean_n_ice_per_m,cocip_std_n_ice_per_m,cocip_mean_r_ice_vol,cocip_mean_width,cocip_mean_depth,cocip_mean_tau_contrail,cocip_mean_tau_cirrus,cocip_max_age,cocip_mean_rf_sw,cocip_mean_rf_lw,cocip_mean_rf_net,cocip_mean_olr,cocip_mean_sdr,cocip_mean_rsr,cocip_contrail_length,cocip_persistent_contrail_length,accf_issr_specific_humidity,accf_issr_potential_vorticity,accf_issr_geopotential,accf_issr_relative_humidity,accf_issr_olr,accf_issr_pcfa,accf_issr_issr,accf_issr_sac,accf_issr_aCCF_CH4,accf_issr_aCCF_O3,accf_issr_aCCF_H2O,accf_issr_aCCF_nCont,accf_issr_aCCF_dCont,accf_issr_aCCF_Cont,accf_issr_aCCF_CO2,accf_issr_aCCF_merged,accf_issr_aCCF_NOx,accf_issr_Fin,accf_issr_nox_impact,accf_issr_co2_impact,accf_issr_contrails_atr20,accf_sac_specific_humidity,accf_sac_potential_vorticity,accf_sac_geopotential,accf_sac_relative_humidity,accf_sac_olr,accf_sac_pcfa,accf_sac_issr,accf_sac_sac,accf_sac_aCCF_CH4,accf_sac_aCCF_O3,accf_sac_aCCF_H2O,accf_sac_aCCF_nCont,accf_sac_aCCF_dCont,accf_sac_aCCF_Cont,accf_sac_aCCF_CO2,accf_sac_aCCF_merged,accf_sac_aCCF_NOx,accf_sac_Fin,accf_sac_nox_impact,accf_sac_co2_impact,accf_sac_contrails_atr20
0,0,0,141.68274619362572,42.55723571777344,2674.6200000000003,885974.0,TVJ571,127.067777668,0.44874129019592,34610D,254.35884,23.209726,-5.482102,161.02033761075526,70805.94126774029,0.3721456655509034,0.8875113324947314,66.1549192998645,88.2648074547706,1624.1507490818017,0.0005919207811282,73058.20758235783,0.600010276906903,0.5512909941655375,0.6259176409571893,climb,15,GTF2035_wi,0,43031,1.237,3.16,3.16,25.560398694218467,3.818930072971739,0.5036334109765714,44.1325774330067,17.16645745856421,22.865883947511456,1438001486677985.0,29.5965616183355,767.700089316349,1129.75649703934,0.0591920781128,0.0166299617285965,0.421242079497143,44.1324037273853,25.330309616575,25.315324949656286,15.144639650151944,0.5735333949257589,1001695590941137.6,0.8875113324947314,0.0013851031088916372,1.3549680771119846e-05,3.16,35.8,2023-02-06 01:00:00,0.0005919207811282449,0.6000107205613511,0.0,0,730.5820758235783,0.0005919207811282449,23.209726,-5.482102,0.6000107205613511,0.070365,2.3714838e-06,1.000609509685126,628.4023331919291,8181.733683333497,-0.47086366415065145,-0.8822059905615143,5.389882682662691,244.5010572840839,0.4991630644923806,inf,0.0,236.14927960414133,,,,,,,,,,,,,,0.0,0 days 00:00:00,,,,,,,,,,,,,,,,,,,,,0.0,,,,,,,,,,,,,,,,,,0.0,0.0,0.00057766424,5.3516544e-07,25157.42,0.57160014,-228.61694,0.0,0.0,1.0,-7.367962419271301e-13,3.9334456e-12,2.5218985e-16,0.0,0.0,0.0,7.48e-16,4.255663311269132e-14,3.1966494822828223e-12,699.9524758162435,2.357774570949943e-13,1.258675671834688e-13,0.0,0.00057766424,5.3516544e-07,25157.42,0.57160014,-228.61694,0.0,0.0,0.0,-7.367962419271301e-13,3.9334456e-12,2.5218985e-16,0.0,0.0,0.0,7.48e-16,4.255663311269132e-14,3.1966494822828223e-12,699.9524758162435,2.357774570949943e-13,1.258675671834688e-13,0.0
1,1,1,141.59485556862572,42.52262878417969,3200.4,885974.0,TVJ571,149.703333204,0.4501178965169989,34610D,252.29367,25.302755,-4.2084217,174.4673654415231,70739.78634844042,0.3986385718327601,0.9326080383361708,72.26684416154647,91.6950113155836,1962.4463417522863,0.0003603557180923,68339.94069049528,0.4164904136489969,0.6022237013462206,0.7152862329442589,climb,15,GTF2035_wi,0,43031,1.237,3.16,3.16,26.59917802646761,3.9802915380717465,0.5479213422950182,45.84779728262093,17.927360235527715,27.534464467183493,1581424462501522.2,31.251897678564,785.259401145647,1156.17731070986,0.0360355718092,0.0171865622174205,0.453680995467424,45.8475056577918,26.3974254844036,26.387916447823084,15.119801453598308,0.6294279184332916,1058074994386463.0,0.9326080383361708,0.001498049903231983,1.5207626792042504e-05,3.16,35.8,2023-02-06 01:01:00,0.0003603557180923752,0.41649080112272524,0.0,1,683.3994069049528,0.0003603557180923752,25.302755,-4.2084217,0.41649080112272524,0.003093155,4.178389e-08,0.9436494520615029,630.3299383447368,9587.418296793368,-0.4794178129158185,-0.877586782409018,5.262856352163673,244.21622048243273,0.3394950191944942,inf,0.0,234.98190262918584,,,,,,,,,,,,,,0.0,0 days 00:00:00,,,,,,,,,,,,,,,,,,,,,0.0,,,,,,,,,,,,,,,,,,0.0,0.0,0.00035303045,7.0850496e-07,30024.666,0.39821512,-229.46211,0.0,0.0,1.0000000000000002,-7.192301623097869e-13,3.5753449e-12,2.6555145e-16,0.0,0.0,0.0,7.480000000000001e-16,3.814304342309389e-14,2.856114768439268e-12,700.6572727416191,2.3941554240165557e-13,1.3226321808326645e-13,0.0,0.00035303045,7.0850496e-07,30024.666,0.39821512,-229.46211,0.0,0.0,0.0,-7.192301623097869e-13,3.5753449e-12,2.6555145e-16,0.0,0.0,0.0,7.480000000000001e-16,3.814304342309389e-14,2.856114768439268e-12,700.6572727416191,2.3941554240165557e-13,1.3226321808326645e-13,0.0
2,2,2,141.49248296564275,42.48133850097656,3832.86,885974.0,TVJ571,164.107777636,0.4515015825349095,34610D,249.50983,25.290424,-2.9461634,186.11955970640608,70667.51950427887,0.4272350310165992,0.9851398702575148,80.55902262330552,97.309260847194,2323.2226234543373,0.0002195755586825,62994.42896063308,0.3070695646551536,0.6713251885275461,0.836848716025977,climb,15,GTF2035_wi,0,43031,1.237,3.16,3.16,27.58196926084779,4.131239062817153,0.587767238361204,48.65514935219288,18.83708344811044,36.28235538999999,1450000000000000.0,32.9929091652026,805.686427148979,1192.2597429241,0.0219575558683,0.018056682595936,0.494490272711267,48.654630423597,27.3854441470085,27.379432292866383,15.110798765674977,0.6987958223675392,1150250095531322.5,0.9851398702575148,0.0016280227066830053,1.7476353326975005e-05,3.16,35.8,2023-02-06 01:02:00,0.00021957555868250421,0.30706981443784304,0.0,2,629.9442896063307,0.00021957555868250421,25.290424,-2.9461634,0.30706981443784304,0.0024201488,2.243048e-09,0.879542707133927,632.2674567537268,9904.532106848184,-0.4803242924734069,-0.8770909725107887,5.092786376548359,243.8251626824352,0.2435084831066371,inf,0.0,234.1586052405293,,,,,,,,,,,,,,0.0,0 days 00:00:00,,,,,,,,,,,,,,,,,,,,,0.0,,,,,,,,,,,,,,,,,,0.0,0.0,0.0002159758,6.8584296e-07,35915.695,0.297475,-229.9349,0.0,0.0,1.0000000000000002,-6.979333323925009e-13,3.1517586e-12,2.6380457e-16,0.0,0.0,0.0,7.48e-16,3.2911533360854416e-14,2.453825291395533e-12,701.4971848469878,2.361311285154286e-13,1.3971332451181697e-13,0.0,0.0002159758,6.8584296e-07,35915.695,0.297475,-229.9349,0.0,0.0,0.0,-6.979333323925009e-13,3.1517586e-12,2.6380457e-16,0.0,0.0,0.0,7.48e-16,3.2911533360854416e-14,2.453825291395533e-12,701.4971848469878,2.361311285154286e-13,1.3971332451181697e-13,0.0
3,3,3,141.3869268243963,42.43862915039063,4579.62,885974.0,TVJ571,165.136666524,0.4528837783417367,34610D,245.11743,25.606356,-1.9973599,197.97082768622823,70586.96048165557,0.40934105861263825,0.8567851712318147,65.26230266798044,76.2320308553284,1209.5946323960154,0.0001941075046773,57124.037489563314,0.3829173220617756,0.5438525222331703,0.70618535872149,climb,15,GTF2035_wi,0,43031,1.237,3.16,3.16,24.1882919581141,3.6235486647227177,0.6307703741049036,38.11583608430378,17.115033376268673,28.248612655981745,1570695414472991.5,28.2053825108122,780.12767191947,1141.19068801939,0.0194107504677,0.0167495389654636,0.401790639202857,38.1160154276642,23.9881611088711,23.98350573042035,15.127913675153415,0.6126594428314884,888809035491038.8,0.8567851712318147,0.0014331572737187803,1.2567282310564901e-05,3.16,35.8,2023-02-06 01:03:00,0.00019410750467735164,0.38291752606437707,0.0,3,571.2403748956332,0.00019410750467735164,25.606356,-1.9973599,0.38291752606437707,0.005240047,3.6653233e-08,0.81187122638412,634.2028874071887,10425.443968691361,-0.4806838213428572,-0.8768939866935046,4.478188170167211,242.30807126867123,0.29073901472131497,inf,0.0,233.00099160611327,,,,,,,,,,,,,,0.0,0 days 00:00:00,,,,,,,,,,,,,,,,,,,,,0.0,,,,,,,,,,,,,,,,,,0.0,0.0,0.00018920103,5.9662096e-07,42884.277,0.37850985,-228.63722,0.0,0.0,0.9999999999999999,-6.726682910163804e-13,2.6039871e-12,2.5692704e-16,0.0,0.0,0.0,7.479999999999999e-16,2.6112072970439225e-14,1.9313189183914466e-12,702.3647133657041,1.422889054578896e-13,1.2150995841223293e-13,0.0,0.00018920103,5.9662096e-07,42884.277,0.37850985,-228.63722,0.0,0.0,0.0,-6.726682910163804e-13,2.6039871e-12,2.5692704e-16,0.0,0.0,0.0,7.479999999999999e-16,2.6112072970439225e-14,1.9313189183914466e-12,702.3647133657041,1.422889054578896e-13,1.2150995841223293e-13,0.0
4,4,4,141.27568444540336,42.39354020458157,4968.240000000001,885974.0,TVJ571,186.743333172,0.454264156179153,34610D,242.74187,26.412031,-1.6604272,210.2233383515608,70521.69817898759,0.41128260478265183,0.8138443905803999,61.296416902869694,68.5144579596698,1210.0164226228403,0.0001971473058708,54249.21360051817,0.4721805150213624,0.5108034741905808,0.6805126790163037,climb,15,GTF2035_wi,0,43031,1.237,3.16,3.16,23.221210478997406,3.4786035727646167,0.6730786315905332,34.25726748747635,16.661585100728324,26.30354990895564,1599917180989638.8,26.8415660367041,774.099424550735,1125.11997862838,0.0197147305871,0.0162933004102663,0.374826651175215,34.2572289798349,23.0049555177317,23.00042104668845,15.143801223192652,0.5933974534798733,803172009040448.1,0.8138443905803999,0.0013830817558952988,1.112443842683828e-05,3.16,35.8,2023-02-06 01:04:00,0.00019714730587083265,0.47218018113429355,0.0,4,542.4921360051817,0.00019714730587083265,26.412031,-1.6604272,0.47218018113429355,0.0046048393,5.0796825e-08,0.7785584139686521,636.1357713251789,11784.876773848331,-0.4816600386620713,-0.8763581500482848,4.266855571426669,241.74353552985613,0.35017865502952145,inf,0.0,232.7791706421754,,,,,,,,,,,,,,0.0,0 days 00:00:00,,,,,,,,,,,,,,,,,,,,,0.0,,,,,,,,,,,,,,,,,,0.0,0.0,0.0001925798,6.391898e-07,46493.63,0.46294487,-227.89465,0.0,0.0,1.0,-6.596596523981749e-13,2.3399297e-12,2.602084e-16,0.0,0.0,0.0,7.48e-16,2.2851719573650526e-14,1.6802700909829075e-12,703.2805771246137,1.1348006461856761e-13,1.154200625476248e-13,0.0,0.0001925798,6.391898e-07,46493.63,0.46294487,-227.89465,0.0,0.0,0.0,-6.596596523981749e-13,2.3399297e-12,2.602084e-16,0.0,0.0,0.0,7.48e-16,2.2851719573650526e-14,1.6802700909829075e-12,703.2805771246137,1.1348006461856761e-13,1.154200625476248e-13,0.0
5,5,5,141.15009654651988,42.34245300292969,5356.860000000001,885974.0,TVJ571,201.662222048,0.4556453809578827,34610D,240.49298,28.273552,-1.4029464,215.5529416666789,70460.40176208472,0.41792232491025705,0.8130049638793488,61.48416688547779,67.8291310169136,1805.3873890026416,0.0001801533801623,51492.67974234382,0.5190921336103975,0.5123680573789816,0.6980058367173293,climb,15,GTF2035_wi,0,43031,1.237,3.16,3.16,23.03385049125295,3.4509279476637897,0.6933618946500282,33.915049802260334,16.668465803155463,28.14525999458897,1572248139363081.2,26.6872356628517,776.466030147274,1129.2501366612,0.0180153380162,0.0163890732366765,0.37407704300225,33.9145655084568,22.8247831710897,22.82067194990035,15.13995370705211,0.6008937652163223,797742753190048.0,0.8130049638793488,0.0013920040321523785,1.1141131920701561e-05,3.16,35.8,2023-02-06 01:05:00,0.00018015338016230307,0.5190924376021547,0.0,5,514.9267974234381,0.00018015338016230307,28.273552,-1.4029464,0.5190924376021547,0.0018267324,1.813212e-08,0.745908469817361,638.0698403571546,11776.905178293267,-0.6955962148912547,-0.7184329515194577,4.096184879114128,241.2692428275232,0.37649135266448863,0.9972125686047146,0.0,232.4809979890053,,,,,,,,,,,,,,0.0,0 days 00:00:00,,,,,,,,,,,,,,,,,,,,,0.0,,,,,,,,,,,,,,,,,,0.0,0.0,0.00017572161,7.4681407e-07,50151.027,0.50453395,-228.1473,0.0,0.0,1.0,-6.464746834430007e-13,2.1175093e-12,2.6850442e-16,0.0,0.0,0.0,7.48e-16,2.0139955276352845e-14,1.4710346811159116e-12,704.3182797299309,9.988674307229339e-14,1.1530101438134036e-13,0.0,0.00017572161,7.4681407e-07,50151.027,0.50453395,-228.1473,0.0,0.0,0.0,-6.464746834430007e-13,2.1175093e-12,2.6850442e-16,0.0,0.0,0.0,7.48e-16,2.0139955276352845e-14,1.4710346811159116e-12,704.3182797299309,9.988674307229339e-14,1.1530101438134036e-13,0.0
6,6,6,141.04739876680597,42.268826759467686,5935.9800000000005,885974.0,TVJ571,202.176666492,0.4574569249336606,34610D,237.36125,31.884224,-1.3415315,212.30996168038368,70398.91759519924,0.4195460621844049,0.8094172152474877,61.44680754612304,68.8276835204816,1404.0682714628429,0.0001510283297126,47596.28928252322,0.5637374811603557,0.5120567295510253,0.7168414301854031,climb,15,GTF2035_wi,0,43031,1.237,3.16,3.16,22.3842109154779,3.3542509873351856,0.6874208046879192,34.41389220376503,16.567697628484805,31.498116679921253,1521876296412328.2,26.0855035266938,778.283582826066,1139.41181048751,0.0151028329713,0.0167314002167086,0.371417054822182,34.4138417602408,22.1988028504196,22.195450708571865,15.127438380362404,0.6067116102796485,806141862932734.6,0.8094172152474877,0.001393156518484391,1.1328505305780441e-05,3.16,35.8,2023-02-06 01:06:00,0.00015102832971260928,0.5637374640461769,0.0,6,475.96289282523225,0.00015102832971260928,31.884224,-1.3415315,0.5637374640461769,0.00017264903,1.3748692e-09,0.698563232738655,640.6065122726919,12351.486589520808,-0.9280124073797156,-0.372549287677892,3.796727466456771,240.39305445506446,0.3963908736875724,0.9508614302736542,0.0,231.78314721841278,,,,,,,,,,,,,,0.0,0 days 00:00:00,,,,,,,,,,,,,,,,,,,,,0.0,,,,,,,,,,,,,,,,,,0.0,0.0,0.00014784618,7.113734e-07,55600.516,0.55449283,-228.67317,0.0,0.0,0.9999999999999999,-6.267707742585313e-13,1.8441104e-12,2.6577255e-16,0.0,0.0,0.0,7.48e-16,1.6839186801265505e-14,1.2173395588508365e-12,705.8138038962544,8.236360248562922e-14,1.147921970001709e-13,0.0,0.00014784618,7.113734e-07,55600.516,0.55449283,-228.67317,0.0,0.0,0.0,-6.267707742585313e-13,1.8441104e-12,2.6577255e-16,0.0,0.0,0.0,7.48e-16,1.6839186801265505e-14,1.2173395588508365e-12,705.8138038962544,8.236360248562922e-14,1.147921970001709e-13,0.0
7,7,7,140.99160627885297,42.165802001953125,6385.56,885974.0,TVJ571,208.34999982,0.4599210198779294,34610D,234.98634,34.73412,-1.4227859,216.8626877230038,70337.47078765312,0.40211244471418156,0.6842861285081737,49.874715639012535,54.598643538553,714.4290629663275,0.0001414358958823,44739.09919617161,0.6448473193629678,0.4156226303251045,0.5988343960296317,climb,15,GTF2035_wi,0,43031,1.237,3.16,3.16,19.638747072489,2.943034437087145,0.7057010121419797,27.29896785302503,15.065030009521108,24.242830836485748,1502993730913072.5,22.3029126571278,753.409661819932,1090.41215314973,0.0141435895882,0.0155126893736729,0.301663705848197,27.2993217692765,19.4462545198746,19.443504510395083,15.150480948492383,0.5311416395337947,614596897554454.1,0.6842861285081737,0.0012325989798163543,7.82345225145607e-06,3.16,35.8,2023-02-06 01:07:00,0.00014143589588236634,0.6448473963822543,0.0,7,447.3909919617161,0.00014143589588236634,34.73412,-1.4227859,0.6448473963822543,3.0107085e-06,2.2259557e-11,0.6632649798051896,644.0569920923755,12963.734149278178,-0.9351760437679651,-0.35418323952792735,3.464720607611281,239.3470177373663,0.4428958828681716,0.8854536995861355,0.0,231.07549801078062,,,,,,,,,,,,,,0.0,0 days 00:00:00,,,,,,,,,,,,,,,,,,,,,0.0,,,,,,,,,,,,,,,,,,0.0,0.0,0.00013830604,5.7015836e-07,59779.73,0.63106304,-227.05049,0.0,0.0,1.0,-6.117657069833007e-13,1.6600056e-12,2.548872e-16,0.0,0.0,0.0,7.48e-16,1.4630005598835268e-14,1.0482398771008834e-12,707.9019536697439,5.3048299605706e-14,9.704600617393202e-14,0.0,0.00013830604,5.7015836e-07,59779.73,0.63106304,-227.05049,0.0,0.0,0.05211132272703341,-6.117657069833007e-13,1.6600056e-12,2.548872e-16,0.0,0.0,0.0,7.48e-16,1.4630005598835268e-14,1.0482398771008834e-12,707.9019536697439,5.3048299605706e-14,9.704600617393202e-14,0.0
8,8,8,140.93600250953853,42.056781316207626,6614.160000000001,885974.0,TVJ571,221.725555364,0.4624626834716849,34610D,233.49033,35.64563,-1.4313227,219.3233767273466,70287.5960720141,0.45226400815672196,0.9611945177305876,82.25011565649848,85.2903364304916,2474.8572255032595,0.000135446679356,43340.512388800154,0.7074914388172449,0.6854176304708206,0.997898903332011,climb,15,GTF2035_wi,0,43031,1.237,3.16,3.16,24.64708115338676,3.6937238077099694,0.7159912246003869,42.64505383580534,21.18499358126457,36.28235539,1450000000000000.0,30.0731366296985,826.933674404509,1236.94589950391,0.0135446679356,0.0192735612223732,0.471023998935886,42.6451682152458,24.4388669795549,24.435557264465213,15.12972870962911,0.7732369788247094,1037633634470080.0,0.9611945177305876,0.0017082573689172703,1.6476133639620172e-05,3.16,35.8,2023-02-06 01:08:00,0.00013544667935602101,0.7074908651499946,0.0,8,433.4051238880015,0.00013544667935602101,35.64563,-1.4313227,0.7074908651499946,3.6785054e-06,2.7196889e-11,0.6466474826550426,647.6160946287496,12877.115418230198,-0.9398759916806336,-0.3415159150937853,3.663709378884514,239.9840724438533,0.47878905068780164,0.70621258364003,0.0,231.86747733403382,,,,,,,,,,,,,,0.0,0 days 00:00:00,,,,,,,,,,,,,,,,,,,,,0.0,,,,,,,,,,,,,,,,,,0.0,0.0,0.00013260859,5.619438e-07,62021.117,0.6849724,-224.15277,0.0,0.0,1.0,-6.038526291734063e-13,1.5726716e-12,2.5425399e-16,0.0,0.0,0.0,7.480000000000001e-16,1.3596900051410444e-14,9.68818927253638e-13,710.1105600503245,9.544615836815945e-14,1.3631737546016616e-13,0.0,0.00013260859,5.619438e-07,62021.117,0.6849724,-224.15277,0.0,0.0,0.323142146410692,-6.038526291734063e-13,1.5726716e-12,2.5425399e-16,0.0,0.0,0.0,7.480000000000001e-16,1.3596900051410444e-14,9.68818927253638e-13,710.1105600503245,9.544615836815945e-14,1.3631737546016616e-13,0.0
9,9,9,140.88292902166194,41.94813537597656,7406.64,885974.0,TVJ571,205.7777776,0.4650072339005209,34610D,228.32259,37.635315,-1.7574707,224.1421163734822,70205.3459563576,0.443681188361004,0.8900132828570012,73.44816127422625,75.8098215292808,2259.23234914914,8.032837263502274e-05,38763.39764052093,0.68126207112405,0.6120680106185521,0.921505249038586,climb,15,GTF2035_wi,0,43031,1.237,3.16,3.16,22.61465314777753,3.390381373881563,0.7399565527189004,37.90558790576135,18.927893562071905,36.28235538999999,1450000000000000.0,27.2827428827634,812.239689091178,1212.4247825791,0.0080328372635,0.0186976737093333,0.419122656452665,37.9049107646404,22.4157648148204,22.413964337540868,15.134234176858996,0.7215041984426144,926629058716274.2,0.8900132828570012,0.0015757536613650101,1.4289215699997534e-05,3.16,35.8,2023-02-06 01:09:00,8.032837263502273e-05,0.6812618859494384,0.0,9,387.6339764052093,8.032837263502273e-05,37.635315,-1.7574707,0.6812618859494384,0.0,0.0,0.5914464137961202,651.1792381050913,11709.442181463151,-0.9150288307110056,-0.4033884467453792,3.226084209847773,238.53886504997215,0.4381274864328173,0.0,1.0,230.30560966903653,28.117254249628648,56.90731884583906,0.690580161530298,228.49754,8.278836653839181e-05,7378.186340577081,0.0,0.004195242084712163,0.002350369,113.81463769167812,,,,0.0,0 days 00:00:00,,,,,,,,,,,,,,,,,,,,,0.0,,,,,,,,,,,,,,,,,,11709.442181463151,0.0,8.701835e-05,6.576751e-07,69468.44,0.712861,-223.16049,0.0,0.0,1.0,-5.76689030023485e-13,1.2952848e-12,2.6163328e-16,0.0,0.0,0.0,7.48e-16,1.0351378880793813e-14,7.185958149055689e-13,712.3087653370308,6.046732370727708e-14,1.262223957854062e-13,0.0,8.701835e-05,6.576751e-07,69468.44,0.712861,-223.16049,0.0,0.0,0.9346757416295887,-5.76689030023485e-13,1.2952848e-12,2.6163328e-16,0.0,0.0,0.0,7.48e-16,1.0351378880793813e-14,7.185958149055689e-13,712.3087653370308,6.046732370727708e-14,1.262223957854062e-13,0.0
10,10,10,140.82601148028706,41.85195146980932,8130.54,885974.0,TVJ571,194.459999832,0.4673551404773182,34610D,223.81718,37.79938,-3.1759171,225.05305148302924,70131.89779508338,0.4044928934788787,0.5627158791100323,40.45029376581135,43.5207728826972,451.871443257437,4.812225286739036e-05,34932.23559515487,0.6325382316442334,0.3370857813817612,0.5237159657835567,climb,15,GTF2035_wi,0,43031,1.237,3.16,3.16,16.488214386455162,2.472438707946237,0.7504044695153805,21.760463695283537,13.578445766378628,23.293949323264503,1458206281555913.0,18.3739865231793,730.276636597894,1054.58322189365,0.00481222528674,0.014767120952974,0.240923417632246,21.7603864413486,16.314853680651,16.31406861091601,15.160067280986873,0.4684077476228706,468111927724388.5,0.5627158791100323,0.001089778193655342,5.236992131258989e-06,3.16,35.8,2023-02-06 01:10:00,4.8122252867390355e-05,0.6325381513886619,0.0,10,349.32235595154873,4.8122252867390355e-05,37.79938,-3.1759171,0.6325381513886619,0.0,0.0,0.5437201271791617,654.4670070583818,12029.356495485721,-0.8969169414027433,-0.4421990504566334,2.715844981511399,236.6163303474525,0.38918141703544706,0.0,1.0,228.27837765616138,28.117254249628648,64.494302562197,0.6278837757236435,224.02023,4.874415788547146e-05,8098.292848718901,0.0,0.003964901147741102,0.0011903151,128.988605124394,,,,0.0,0 days 00:00:00,,,,,,,,,,,,,,,,,,,,,0.0,,,,,,,,,,,,,,,,,,12029.356495485721,0.0,4.7044083e-05,7.046848e-07,76186.46,0.6127495,-225.48254,0.0,0.0,1.0000000000000002,-5.520816141174457e-13,1.1449253e-12,2.6525694e-16,0.0,0.0,0.0,7.479999999999999e-16,8.720224999016209e-15,5.928436970873071e-13,714.2521066927495,2.1813167856765542e-14,7.980481614808806e-14,0.0,4.7044083e-05,7.046848e-07,76186.46,0.6127495,-225.48254,0.0,0.0,1.0000000000000002,-5.520816141174457e-13,1.1449253e-12,2.6525694e-16,0.0,0.0,0.0,7.479999999999999e-16,8.720224999016209e-15,5.928436970873071e-13,714.2521066927495,2.1813167856765542e-14,7.980481614808806e-14,0.0
11,11,11,140.76189214533025,41.754913330078125,8275.32,885974.0,TVJ571,207.321110932,0.4696710656889692,34610D,222.9761,37.862103,-3.4295774,223.3831451912421,70091.44750131757,0.4100370280957139,0.5969020666378563,43.21429175273055,47.1473401834196,642.5831293226631,4.582833219433866e-05,34204.15810466536,0.6542407008364696,0.3601190979394212,0.5625928568562403,climb,15,GTF2035_wi,0,43031,1.237,3.16,3.16,16.986267236324355,2.5471616331510054,0.7462398471787991,23.57443410354804,13.956667379844616,25.87527483625561,1580045503920946.5,19.1399577825661,738.602684046599,1073.85771709814,0.00458283321943,0.015273284649567,0.257009674276142,23.5736700917098,16.8274002726341,16.826629136284335,15.142264970982833,0.4897237819934665,519204549627230.4,0.5969020666378563,0.0011306601820261196,6.111564974084694e-06,3.16,35.8,2023-02-06 01:11:00,4.582833219433866e-05,0.6542416145940403,0.0,11,342.0415810466536,4.582833219433866e-05,37.862103,-3.4295774,0.6542416145940403,0.0,0.0,0.5343958033654919,657.709988939498,12820.659433261444,-0.8993354296966952,-0.4372594022914321,2.6842245022004945,236.48693706894502,0.39923232681353743,0.0,1.0,228.21072651623828,28.117254249628648,63.08425636016721,0.6489856346873555,223.1658,4.632513077075531e-05,8243.777871819917,0.0,0.004421130066470198,0.0014703466,126.16851272033442,,,,0.0,0 days 00:00:00,,,,,,,,,,,,,,,,,,,,,0.0,,,,,,,,,,,,,,,,,,12820.659433261444,0.0,4.3773212e-05,1.0327236e-06,77655.016,0.5857719,-228.87962,0.0,0.0,0.9999999999999997,-5.468304554128823e-13,1.1553991e-12,2.9054326e-16,0.0,0.0,0.0,7.48e-16,8.949936146293672e-15,6.085686833437745e-13,716.2127073538809,2.4643139245167732e-14,8.465312861223409e-14,0.0,4.3773212e-05,1.0327236e-06,77655.016,0.5857719,-228.87962,0.0,0.0,0.9999999999999997,-5.468304554128823e-13,1.1553991e-12,2.9054326e-16,0.0,0.0,0.0,7.48e-16,8.949936146293672e-15,6.085686833437745e-13,716.2127073538809,2.4643139245167732e-14,8.465312861223409e-14,0.0
12,12,12,140.69443103879,41.65121822033898,8481.060000000001,885974.0,TVJ571,215.037777592,0.4720552767180002,34610D,221.96135,38.15616,-3.743327,222.6485578581865,70048.23320956485,0.42830271551263943,0.8059435052126188,64.77070103000082,66.713999916399,1698.2008858824831,4.144295502720896e-05,33190.704907615705,0.6512514000153148,0.5397558419166735,0.8538513224893631,climb,15,GTF2035_wi,0,43031,1.237,3.16,3.16,20.01577082768615,3.001536111462676,0.7454841721066332,33.35786813524857,16.762150113944756,36.28235539,1450000000000000.0,23.9928145253978,799.954974077785,1196.96038476374,0.00414429550272,0.01841290361232,0.365553113671387,33.3569999581995,19.8530944042306,19.85227166742869,15.123502733394986,0.6790795189376521,812901283127073.6,0.8059435052126188,0.001454953517700607,1.217824787276529e-05,3.16,35.8,2023-02-06 01:12:00,4.144295502720897e-05,0.6512515797973519,0.0,12,331.90704907615714,4.144295502720897e-05,38.15616,-3.743327,0.6512515797973519,0.0,0.0,0.5209326369929667,661.0485942008587,12593.644054001663,-0.8998944688595616,-0.4361077216880796,2.6879017488768215,236.50205368789884,0.39348182115751446,0.0,1.0,228.19517839442207,28.117254249628648,58.030509134279264,0.6503078586633788,222.10393,4.194671036849856e-05,8452.044745432862,0.0,0.005885053155104174,0.0024536774,116.06101826855853,,,,0.0,0 days 00:00:00,,,,,,,,,,,,,,,,,,,,,0.0,,,,,,,,,,,,,,,,,,12593.644054001663,0.0,3.881852e-05,1.5017282e-06,79687.56,0.5413135,-229.38136,0.0,0.0,1.0000000000000002,-5.394754726077934e-13,1.1700446e-12,3.266957e-16,0.0,0.0,0.0,7.48e-16,9.272094960530262e-15,6.305691725626203e-13,718.3024197593588,4.4364715833394044e-14,1.142995526640578e-13,0.0,3.881852e-05,1.5017282e-06,79687.56,0.5413135,-229.38136,0.0,0.0,1.0000000000000002,-5.394754726077934e-13,1.1700446e-12,3.266957e-16,0.0,0.0,0.0,7.48e-16,9.272094960530262e-15,6.305691725626203e-13,718.3024197593588,4.4364715833394044e-14,1.142995526640578e-13,0.0
13,13,13,140.62849564985794,41.54937744140625,9022.08,885974.0,TVJ571,208.34999982,0.474417009800455,34610D,220.55594,39.53091,-4.3057775,224.829755664376,69983.46250853484,0.4171303718166483,0.6120117688768126,44.97994138051029,48.860649586036,650.841168113454,2.9066680588273106e-05,30641.22174213943,0.5030918436530026,0.3748328448375858,0.6288026935352989,climb,15,GTF2035_wi,0,43031,1.237,3.16,3.16,16.55674409698215,2.4830303649550736,0.7551819622834769,24.42981502408136,14.123512524487978,32.361944951940394,1508898520700970.8,18.9631723189627,751.869199679173,1103.83994342303,0.00290666805883,0.0160652254154654,0.26375598487866,24.430324793018,16.4178203577992,16.41734316012946,15.12734148516899,0.5267040712313299,543148949849561.06,0.6120117688768126,0.001174471188515631,6.863333775602631e-06,3.16,35.8,2023-02-06 01:13:00,2.906668058827311e-05,0.5030915910754421,0.0,13,306.4122174213943,2.906668058827311e-05,39.53091,-4.3057775,0.5030915910754421,0.0,0.0,0.48398262178163926,664.3557206167113,12598.656885069418,-0.9003334798187644,-0.4352006722391805,2.433845797113392,235.41189349668232,0.2998202039195007,0.0,1.0,226.74318375183663,28.117254249628648,51.21073983822587,0.5176001356791968,220.55911,2.9803128553977643e-05,8996.474630080887,0.0,0.011406829072700474,0.0025827365,102.42147967645174,,,,0.0,0 days 00:00:00,,,,,,,,,,,,,,,,,,,,,0.0,,,,,,,,,,,,,,,,,,12598.656885069418,0.0,2.7261673e-05,2.7226852e-06,84733.695,0.44032013,-230.53638,0.0,0.0,1.0,-5.20879360068154e-13,1.2039628e-12,4.2081116e-16,0.0,0.0,0.0,7.480000000000001e-16,1.0048895534203258e-14,6.830834144930052e-13,720.3544995919983,2.9459619420073336e-14,8.67959986715247e-14,0.0,2.7261673e-05,2.7226852e-06,84733.695,0.44032013,-230.53638,0.0,0.0,1.0,-5.20879360068154e-13,1.2039628e-12,4.2081116e-16,0.0,0.0,0.0,7.480000000000001e-16,1.0048895534203258e-14,6.830834144930052e-13,720.3544995919983,2.9459619420073336e-14,8.67959986715247e-14,0.0
14,14,14,140.56272284929145,41.44736597093485,9227.82,885974.0,TVJ571,209.378888708,0.4767766958476246,34610D,220.73912,40.088024,-4.3041806,226.23088580432085,69938.48256715432,0.4027363520695453,0.4732717097523765,33.839808242869005,36.254416495454,0.0,2.241790694904497e-05,29714.373387328378,0.3676711298968287,0.2819984020239083,0.4900164148134615,climb,15,GTF2035_wi,0,43031,1.237,3.16,3.16,14.072217320051353,2.1105171283492554,0.7595728912509586,18.12715584632217,12.42398012570778,22.33331955907549,1412864311757663.0,15.5485358286605,720.336583647613,1038.40599070251,0.0022417906949,0.0144181307251966,0.200759836019208,18.127208247727,13.9241237193367,13.9238115766244,15.159852310880613,0.4433769946039806,365692019799825.3,0.4732717097523765,0.001011043987272846,3.80402802132871e-06,3.16,35.8,2023-02-06 01:14:00,2.2417906949044978e-05,0.3676714134183605,0.0,14,297.14373387328385,2.2417906949044978e-05,40.088024,-4.3041806,0.3676714134183605,0.0,0.0,0.4689534317071479,667.6599788815453,12401.03971657403,-0.9010409507840629,-0.4337340256541468,2.303331305889544,234.81210995287066,0.21950789120797748,0.0,1.0,225.84470740154683,28.117254249628648,48.95716993561794,0.38253767856199833,220.7111,2.3157048336015842e-05,9203.341415032191,0.0,0.014055906822464692,0.0026584826,97.91433987123588,,,,0.0,0 days 00:00:00,,,,,,,,,,,,,,,,,,,,,0.0,,,,,,,,,,,,,,,,,,12401.03971657403,0.0,2.2823106e-05,3.2377409e-06,86702.12,0.38124332,-230.44498,0.0,0.0,1.0,-5.136790006125563e-13,1.2367087e-12,4.605134e-16,0.0,0.0,0.0,7.479999999999999e-16,1.0607898595763815e-14,7.230296328608129e-13,722.407127451252,2.0758116402196696e-14,6.711977249444984e-14,0.0,2.2823106e-05,3.2377409e-06,86702.12,0.38124332,-230.44498,0.0,0.0,1.0,-5.136790006125563e-13,1.2367087e-12,4.605134e-16,0.0,0.0,0.0,7.479999999999999e-16,1.0607898595763815e-14,7.230296328608129e-13,722.407127451252,2.0758116402196696e-14,6.711977249444984e-14,0.0
15,15,15,140.498291015625,41.34686279296875,9227.82,885974.0,TVJ571,209.378888708,0.4791173880332134,34610D,220.88416,40.21831,-4.436607,225.56485060450248,69904.64275891146,0.40340068927633055,0.4818517024942608,34.45136113664264,37.0817351174714,24.212469791494385,2.181058509583124e-05,29714.373387328378,0.3512277360126541,0.2870946761386886,0.4997419522843064,climb,15,GTF2035_wi,0,43031,1.237,3.16,3.16,14.209473495154068,2.131111107342277,0.7570879691663016,18.541251812423827,12.520006076970471,22.89468775914077,1439361033930899.0,15.7408748039426,722.725790416715,1043.37134088995,0.00218105850958,0.0145431263531514,0.204462417605494,18.5408675587357,14.0590415458495,14.05873491661526,15.160807492411768,0.4493104234709065,375538643079233.6,0.4818517024942608,0.0010216382809410032,3.980479361522133e-06,3.16,35.8,2023-02-06 01:15:00,2.1810585095831234e-05,0.35122749769060546,0.0,15,297.14373387328385,2.1810585095831234e-05,40.21831,-4.436607,0.35122749769060546,0.0,0.0,0.4686455010446016,670.937637310961,12595.415250036074,-0.9011601576189543,-0.433486297730599,2.3058949495621466,234.82417751261556,0.20998762314774327,0.0,1.0,225.816261254022,28.117254249628648,48.512047763729996,0.36560553353651726,220.85573,2.2540258586223663e-05,9203.563976118136,0.0,0.014109391908963573,0.0030553355,97.02409552745999,,,,0.0,0 days 00:00:00,,,,,,,,,,,,,,,,,,,,,0.0,,,,,,,,,,,,,,,,,,12595.415250036074,0.0,2.2180031e-05,3.2910184e-06,86749.695,0.36410493,-227.91563,0.0,0.0,1.0,-5.136202263209347e-13,1.2431642e-12,4.646202e-16,0.0,0.0,0.0,7.480000000000001e-16,1.0696692290255233e-14,7.295440098704427e-13,724.4267337572536,2.154831431270014e-14,6.833659392909807e-14,0.0,2.2180031e-05,3.2910184e-06,86749.695,0.36410493,-227.91563,0.0,0.0,1.0,-5.136202263209347e-13,1.2431642e-12,4.646202e-16,0.0,0.0,0.0,7.480000000000001e-16,1.0696692290255233e-14,7.295440098704427e-13,724.4267337572536,2.154831431270014e-14,6.833659392909807e-14,0.0
16,16,16,140.43298894708806,41.2447706319518,9235.44,885974.0,TVJ571,208.34999982,0.4814699195549376,34610D,221.031,40.42576,-4.564588,225.38342386565787,69870.19139777482,0.40316612941122393,0.4808184640774429,34.37093915000529,37.0104736187754,0.0,2.0957879172553297e-05,29680.48685750969,0.3309335076701444,0.2864244929167107,0.500276505016557,climb,15,GTF2035_wi,0,43031,1.237,3.16,3.16,14.17274138164158,2.1256141766448167,0.7562277464694431,18.50524419218586,12.505176533142356,22.888995657522315,1439092365283212.0,15.7032934127235,722.942745567901,1043.70536748669,0.00209578791726,0.0145499210134587,0.204034004086831,18.5052368093877,14.0230317331688,14.022737846323349,15.160435050475288,0.4498500650483215,374360383214376.0,0.4808184640774429,0.0010216099943663984,3.974567820226369e-06,3.16,35.8,2023-02-06 01:16:00,2.0957879172553297e-05,0.3309339586891862,0.0,16,296.8048685750969,2.0957879172553297e-05,40.42576,-4.564588,0.3309339586891862,0.0,0.0,0.4678000681801062,674.2318735425383,12487.84993497973,-0.9026824015290305,-0.4303074272770368,2.3023583942631802,234.80752716241656,0.19813864809514392,0.0,1.0,225.75240924046776,28.117254249628648,47.94776949537116,0.34475511802652353,221.00204,2.1675791266076293e-05,9211.466115252315,0.0,0.014245391352189642,0.003488211,95.89553899074232,,,,0.0,0 days 00:00:00,,,,,,,,,,,,,,,,,,,,,0.0,,,,,,,,,,,,,,,,,,12487.84993497973,0.0,2.142549e-05,3.3704207e-06,86876.51,0.34543285,-226.04893,0.0,0.0,1.0,-5.132668165345909e-13,1.251538e-12,4.707408e-16,0.0,0.0,0.0,7.48e-16,1.0816267146109758e-14,7.382712599783404e-13,726.4779813279557,2.175872695387386e-14,6.819005923023422e-14,0.0,2.142549e-05,3.3704207e-06,86876.51,0.34543285,-226.04893,0.0,0.0,0.9986633185453453,-5.132668165345909e-13,1.251538e-12,4.707408e-16,0.0,0.0,0.0,7.48e-16,1.0816267146109758e-14,7.382712599783404e-13,726.4779813279557,2.175872695387386e-14,6.819005923023422e-14,0.0
17,17,17,140.36881880326703,41.14337985798464,9235.44,885974.0,TVJ571,208.864444264,0.4838132123022295,34610D,221.22487,40.706654,-4.6806645,225.50682959255417,69835.82045862482,0.4042404516378245,0.4901490755348816,35.05069356623904,37.808521779824,24.258457485640804,2.007499316637064e-05,29680.48685750969,0.3093578444606364,0.292089113051992,0.5118855955422739,climb,15,GTF2035_wi,0,43031,1.237,3.16,3.16,14.328838737353763,2.14903815926333,0.7563101218359538,18.904076556443144,12.615822371910234,23.47649468990555,1466822469404346.5,15.9224494179873,725.849980230786,1049.10827740699,0.00200749931664,0.0146774567642023,0.20809848870078,18.904260889912,14.1781026538824,14.177818034282248,15.159757119652523,0.4571588182387381,384257683868133.5,0.4901490755348816,0.0010346197789502958,4.168917925924876e-06,3.16,35.8,2023-02-06 01:17:00,2.0074993166370638e-05,0.30935819923360114,0.0,17,296.8048685750969,2.0074993166370638e-05,40.706654,-4.6806645,0.30935819923360114,0.0,0.0,0.4673901124675406,677.5131705997965,12511.644595601105,-0.900548775470309,-0.4347549919195033,2.3065084383206758,234.82706356152187,0.18557171769936312,0.0,1.0,225.71925913713306,28.117254249628648,47.39581968248737,0.32242985671427404,221.19589,2.0773359354737217e-05,9211.742090158757,0.0,0.01431895175355578,0.0039318735,94.79163936497474,,,,0.0,0 days 00:00:00,,,,,,,,,,,,,,,,,,,,,0.0,,,,,,,,,,,,,,,,,,12511.644595601105,0.0,2.0657822e-05,3.5038443e-06,86925.11,0.3259803,-225.49205,0.0,0.0,1.0,-5.132026102996989e-13,1.2595465e-12,4.810255e-16,0.0,0.0,0.0,7.48e-16,1.0931495461286535e-14,7.463438421947938e-13,728.5098152589807,2.2709060577939515e-14,6.951333401161735e-14,0.0,2.0657822e-05,3.5038443e-06,86925.11,0.3259803,-225.49205,0.0,0.0,0.9727467706975278,-5.132026102996989e-13,1.2595465e-12,4.810255e-16,0.0,0.0,0.0,7.48e-16,1.0931495461286535e-14,7.463438421947938e-13,728.5098152589807,2.2709060577939515e-14,6.951333401161735e-14,0.0
18,18,18,140.30396201393822,41.04203563625529,9243.06,885974.0,TVJ571,209.378888708,0.486146824164586,34610D,221.43352,41.073814,-4.814521,225.99760645590808,69800.76976505858,0.4039473609652762,0.4861159105457905,34.75509113340252,37.3888588468576,48.580402448624376,1.8947173233733216e-05,29646.631626428483,0.2841061274062316,0.2896257594450209,0.5101709673858703,climb,15,GTF2035_wi,0,43031,1.237,3.16,3.16,14.243505536403044,2.1362559562936028,0.7575989484492546,18.69370994261265,12.57031448604841,23.2691364318682,1457035106755548.0,15.8174873431913,725.604882473938,1047.98642347435,0.00189471732337,0.0146418003024928,0.206344626127211,18.6944294234288,14.0928452693129,14.092578254791396,15.160625204182924,0.4565387806278493,378978458792299.4,0.4861159105457905,0.0010317689507701724,4.1043239274509425e-06,3.16,35.8,2023-02-06 01:18:00,1.8947173233733216e-05,0.28410614383374416,0.0,18,296.4663162642848,1.8947173233733216e-05,41.073814,-4.814521,0.28410614383374416,0.0,0.0,0.466417076058118,680.7809093776609,12553.187521189082,-0.9004274579433037,-0.43500619878544283,2.3027424037510915,234.80933620035796,0.17077174239969123,0.0,1.0,225.64377768798084,28.117254249628648,46.74851131107943,0.2964343603445526,221.40396,1.962738114972285e-05,9219.68574434446,0.0,0.014499613213076827,0.0043899654,93.49702262215887,,,,0.0,0 days 00:00:00,,,,,,,,,,,,,,,,,,,,,0.0,,,,,,,,,,,,,,,,,,12553.187521189082,0.0,1.9757788e-05,3.6683593e-06,87051.64,0.30396312,-225.91112,0.0,0.0,0.9999999999999997,-5.128457139441105e-13,1.2698303e-12,4.9370686e-16,0.0,0.0,0.0,7.479999999999998e-16,1.1082505712096808e-14,7.569845263124638e-13,730.5407163002304,2.2780357882877304e-14,6.894134732633243e-14,0.0,1.9757788e-05,3.6683593e-06,87051.64,0.30396312,-225.91112,0.0,0.0,0.9412095768181569,-5.128457139441105e-13,1.2698303e-12,4.9370686e-16,0.0,0.0,0.0,7.479999999999998e-16,1.1082505712096808e-14,7.569845263124638e-13,730.5407163002304,2.2780357882877304e-14,6.894134732633243e-14,0.0
19,19,19,140.23895263671875,40.94036865234375,9258.3,885974.0,TVJ571,209.893333152,0.488478512918918,34610D,221.65973,41.58043,-4.9637046,225.77638892668955,69766.01467392516,0.4029635351385694,0.4790862224001544,34.236105823347906,36.794452547185,0.0,1.7627899039577477e-05,29579.01497200583,0.2563525760711774,0.2853008818612325,0.505487077505119,climb,15,GTF2035_wi,0,43031,1.237,3.16,3.16,14.087316008816757,2.112849071538171,0.7564711261308368,18.397229545874804,12.483367758232662,22.941935698184487,1441591148700410.2,15.6274303990663,724.633253411778,1045.92392962557,0.00176278990396,0.0145891344417584,0.20335743047737,18.3972262735925,13.9389647335966,13.938719023264918,15.15989222785048,0.4540944503480715,371294327606221.4,0.4790862224001544,0.0010252572084481384,3.992576120289565e-06,3.16,35.8,2023-02-06 01:19:00,1.7627899039577477e-05,0.25635248222217577,0.0,19,295.79014972005837,1.7627899039577477e-05,41.58043,-4.9637046,0.25635248222217577,0.0,0.0,0.4648783876008452,684.0459535690554,12551.2954778729,-0.903427301007906,-0.42874131104148394,2.293701889399976,234.7666760806901,0.15443044412127457,0.0,1.0,225.54032457703997,28.117254249628648,46.35840681681278,0.2678632248542867,221.63034,1.8288196471289008e-05,9235.120796591593,0.0,0.014673788865707707,0.00483686,92.71681363362556,,,,0.0,0 days 00:00:00,,,,,,,,,,,,,,,,,,,,,0.0,,,,,,,,,,,,,,,,,,12551.2954778729,0.0,1.8735158e-05,3.8603616e-06,87258.055,0.2807031,-226.31961,0.0,0.0,1.0,-5.121862512786346e-13,1.2824764e-12,5.0850707e-16,0.0,0.0,0.0,7.480000000000001e-16,1.1270279365624877e-14,7.702901772810594e-13,732.5747640352579,2.2701372929435126e-14,6.794439132976784e-14,0.0,1.8735158e-05,3.8603616e-06,87258.055,0.2807031,-226.31961,0.0,0.0,0.9167001609051644,-5.121862512786346e-13,1.2824764e-12,5.0850707e-16,0.0,0.0,0.0,7.480000000000001e-16,1.1270279365624877e-14,7.702901772810594e-13,732.5747640352579,2.2701372929435126e-14,6.794439132976784e-14,0.0
20,20,20,140.17498779296875,40.83837890625,9258.3,885974.0,TVJ571,209.378888708,0.4908142514893893,34610D,221.8532,42.084175,-5.123675,225.7500630619392,69731.77856810183,0.40244576865233284,0.4756755708093152,33.98564231776133,36.4898242845338,-24.336214209348423,1.6824189946117317e-05,29579.01497200583,0.2388165174804307,0.2832136859813444,0.5033916476098524,climb,15,GTF2035_wi,0,43031,1.237,3.16,3.16,14.013378926729152,2.1017710752605225,0.7560530535095722,18.24441730718549,12.4425116619557,22.758632398100048,1432939186200201.0,15.538665838278,724.26818986975,1044.95100422338,0.00168241899461,0.0145613867711885,0.201925884903777,18.2449121422669,13.867215264367,13.866981963628463,15.158340737100396,0.4531760588501492,367367749812897.25,0.4756755708093152,0.0010226264935053611,3.939638586923746e-06,3.16,35.8,2023-02-06 01:20:00,1.6824189946117317e-05,0.23881668492863742,0.0,20,295.79014972005837,1.6824189946117317e-05,42.084175,-5.123675,0.23881668492863742,0.0,0.0,0.46447298429068723,687.3166674201954,12545.272491008842,-0.903587073912519,-0.4284044816037899,2.291712862749307,234.75727036308695,0.1441389495798616,0.0,1.0,225.49159975768282,28.117254249628648,46.00841910478686,0.24960967743580764,221.82497,1.7462337336088977e-05,9235.295790447606,0.0,0.014654586389603423,0.005336168,92.01683820957372,,,,0.0,0 days 00:00:00,,,,,,,,,,,,,,,,,,,,,0.0,,,,,,,,,,,,,,,,,,12545.272491008842,0.0,1.792313e-05,4.0118884e-06,87308.74,0.2621444,-226.10046,0.0,0.0,0.9999999999999999,-5.121111395727711e-13,1.2904696e-12,5.2018723e-16,0.0,0.0,0.0,7.480000000000002e-16,1.1386846584055468e-14,7.783584118043218e-13,734.6129205313977,2.2717407143708867e-14,6.746068999263375e-14,0.0,1.792313e-05,4.0118884e-06,87308.74,0.2621444,-226.10046,0.0,0.0,0.9187799745625885,-5.121111395727711e-13,1.2904696e-12,5.2018723e-16,0.0,0.0,0.0,7.480000000000002e-16,1.1386846584055468e-14,7.783584118043218e-13,734.6129205313977,2.2717407143708867e-14,6.746068999263375e-14,0.0
21,21,21,140.11120189319956,40.73642019498146,9250.68,885974.0,TVJ571,209.378888708,0.4931447264810683,34610D,222.03122,42.5957,-5.3067174,225.80451620940613,69697.79292578406,0.4033565474018798,0.4845083863838738,34.622571094623126,37.2425341451012,24.355876992310304,1.6239099978936068e-05,29612.80767196386,0.2257027817285367,0.288521425788526,0.513785452935406,climb,15,GTF2035_wi,0,43031,1.237,3.16,3.16,14.168087091691508,2.1249829867709336,0.7559320964492424,18.62123795200348,12.547364337593695,23.284603005106625,1457765132955861.8,15.7480603443949,726.83973629536,1049.74043557224,0.00162390999789,0.0146757680419407,0.205725888823834,18.6212670725506,14.0180662596946,14.017838622611718,15.160758238618236,0.4596866382279166,376808351901311.4,0.4845083863838738,0.0010339539103936123,4.1174831461181116e-06,3.16,35.8,2023-02-06 01:21:00,1.6239099978936068e-05,0.22570281110647847,0.0,21,296.1280767196386,1.6239099978936068e-05,42.5957,-5.3067174,0.22570281110647847,0.0,0.0,0.4646307936702429,690.5800088239553,12561.022777857726,-0.9021910927037983,-0.4313365649303644,2.2978321884583086,234.78618443455147,0.13646131366907674,0.0,1.0,225.48824174851308,28.117254249628648,45.61049416230944,0.23589248880464536,222.00407,1.6857201097507774e-05,9227.874752918846,0.0,0.014598383397244846,0.005896668,91.22098832461889,,,,0.0,0 days 00:00:00,,,,,,,,,,,,,,,,,,,,,0.0,,,,,,,,,,,,,,,,,,12561.022777857726,0.0,1.7177515e-05,4.1527037e-06,87280.0,0.24526638,-225.4312,0.0,0.0,1.0,-5.123357257367043e-13,1.2962076e-12,5.3104175e-16,0.0,0.0,0.0,7.479999999999999e-16,1.1469376395950696e-14,7.838718961478637e-13,736.6496952960648,2.3561276898195168e-14,6.871336696367009e-14,0.0,1.7177515e-05,4.1527037e-06,87280.0,0.24526638,-225.4312,0.0,0.0,0.9225615343927722,-5.123357257367043e-13,1.2962076e-12,5.3104175e-16,0.0,0.0,0.0,7.479999999999999e-16,1.1469376395950696e-14,7.838718961478637e-13,736.6496952960648,2.3561276898195168e-14,6.871336696367009e-14,0.0
22,22,22,140.0469970703125,40.63449096679688,9258.3,885974.0,TVJ571,209.893333152,0.4954669194189424,34610D,222.21184,43.29583,-5.519265,225.8658354325469,69663.17035468944,0.40319804589904856,0.4833297810572621,34.533406975158755,37.1272573821836,48.76894576929799,1.5236798499572574e-05,29579.01497200583,0.2068217989951311,0.2877783914596563,0.5146195742648528,climb,15,GTF2035_wi,0,43031,1.237,3.16,3.16,14.129824585589354,2.1192583945483583,0.755830044762942,18.5636239952658,12.532555786429269,23.26543853620353,1456860565137335.5,15.7083740054753,727.156500900678,1050.08242409555,0.00152367984996,0.0146803764362607,0.205235034651271,18.5636286910918,13.9802296993106,13.980016688613295,15.160721567464009,0.4604956495892481,375289506361555.2,0.4833297810572621,0.001034091342519973,4.1101595501858645e-06,3.16,35.8,2023-02-06 01:22:00,1.5236798499572574e-05,0.20682176710904554,0.0,22,295.79014972005837,1.5236798499572574e-05,43.29583,-5.519265,0.20682176710904554,0.0,0.0,0.46372334560768097,693.8317508356906,12534.870536951068,-0.9033955368855657,-0.428808236785676,2.294598457273124,234.7709134160163,0.12526678616035278,0.0,1.0,225.43135444205106,28.117254249628648,45.295403009441145,0.21635472402733402,222.18634,1.5834753831524886e-05,9235.652298495279,0.0,0.014611340731791813,0.0064341873,90.59080601888229,,,,0.0,0 days 00:00:00,,,,,,,,,,,,,,,,,,,,,0.0,,,,,,,,,,,,,,,,,,12534.870536951068,0.0,1.6246755e-05,4.3525165e-06,87409.805,0.22810414,-223.58118,0.0,0.0,1.0,-5.119595522157491e-13,1.305507e-12,5.46444e-16,0.0,0.0,0.0,7.479999999999999e-16,1.1610561214827326e-14,7.935474780826923e-13,738.6809263797402,2.379724183196462e-14,6.854621621336575e-14,0.0,1.6246755e-05,4.3525165e-06,87409.805,0.22810414,-223.58118,0.0,0.0,0.9158029944011674,-5.119595522157491e-13,1.305507e-12,5.46444e-16,0.0,0.0,0.0,7.479999999999999e-16,1.1610561214827326e-14,7.935474780826923e-13,738.6809263797402,2.379724183196462e-14,6.854621621336575e-14,0.0
23,23,23,139.9833984375,40.53263854980469,9273.54,885974.0,TVJ571,209.378888708,0.4977852234182516,34610D,222.40784,44.076496,-5.7764235,225.52398525022613,69628.63694771429,0.4034092712608038,0.4864127117113731,34.75102595730999,37.4403148790822,-24.40770795075535,1.4004004891207156e-05,29511.52324722381,0.1850850096202642,0.2895918829775832,0.5205565714376552,climb,15,GTF2035_wi,0,43031,1.237,3.16,3.16,14.1559015323972,2.123186990545281,0.7543534433495521,18.71936840096092,12.564219259107196,23.560066550098973,1470767082513511.0,15.7616591308846,728.669083159576,1052.95614967581,0.00140040048912,0.0147492310573746,0.20658392861295,18.7201574395411,14.0064202540009,14.006224110769946,15.1602824357457,0.464354546083949,379111945931012.06,0.4864127117113731,0.001039320788438254,4.196089664300394e-06,3.16,35.8,2023-02-06 01:23:00,1.4004004891207155e-05,0.18508509812625407,0.0,23,295.1152324722381,1.4004004891207155e-05,44.076496,-5.7764235,0.18508509812625407,0.0,0.0,0.46225751770402324,697.078045402266,12412.97431045861,-0.9037631903807498,-0.428032820835983,2.290170895126148,234.74997373031735,0.11231655600249893,0.0,1.0,225.36309767067908,28.117254249628648,45.120733525001654,0.1939163593588341,222.38403,1.4579476293907643e-05,9250.9796332375,0.0,0.014666117251373977,0.006931201,90.24146705000331,,,,0.0,0 days 00:00:00,,,,,,,,,,,,,,,,,,,,,0.0,,,,,,,,,,,,,,,,,,12412.97431045861,0.0,1.5235574e-05,4.5645047e-06,87618.66,0.20891422,-221.98424,0.0,0.0,1.0,-5.112824485791629e-13,1.3169279e-12,5.6278473e-16,0.0,0.0,0.0,7.48e-16,1.1784175163354371e-14,8.056454162723311e-13,740.7106267809572,2.443710309867654e-14,6.898343990507632e-14,0.0,1.5235574e-05,4.5645047e-06,87618.66,0.20891422,-221.98424,0.0,0.0,0.9044668797577687,-5.112824485791629e-13,1.3169279e-12,5.6278473e-16,0.0,0.0,0.0,7.48e-16,1.1784175163354371e-14,8.056454162723311e-13,740.7106267809572,2.443710309867654e-14,6.898343990507632e-14,0.0
24,24,24,139.92062655362216,40.43173579846398,9265.92,885974.0,TVJ571,207.321110932,0.5000886740442885,34610D,222.58717,44.81783,-6.0662575,226.4925089067036,69593.88592175697,0.40110057669160765,0.4647992162744519,33.201007656464874,35.4198134666304,-48.83775264446955,1.3286642456513024e-05,29545.25350445527,0.1719316362940068,0.2766750638038739,0.4987362786178244,climb,15,GTF2035_wi,0,43031,1.237,3.16,3.16,13.777613261267591,2.066458930968832,0.7572878606460612,17.70984122840348,12.317328191483446,22.189640888727663,1406082641883980.0,15.2528066311839,723.720046006296,1042.341878669,0.00132866424565,0.0144786968382781,0.197352545439994,17.7099067333152,13.6305461495846,13.63036504779766,15.162029964044828,0.4517970916132733,354173234880175.6,0.4647992162744519,0.001014968246498727,3.782521726377984e-06,3.16,35.8,2023-02-06 01:24:00,1.3286642456513024e-05,0.17193185429996627,0.0,24,295.4525350445528,1.3286642456513024e-05,44.81783,-6.0662575,0.17193185429996627,0.0,0.0,0.46241300697371274,700.3035383856729,12418.748150169333,-0.8889341449547216,-0.45803502697241194,2.2839485781282978,234.7204853406587,0.10451789905709677,0.0,1.0,225.30689935378084,28.117254249628648,44.76258011067649,0.1799099197092903,222.56642,1.382099268246314e-05,9243.538709944662,0.0,0.014542401094870172,0.0073857214,89.52516022135298,,,,0.0,0 days 00:00:00,,,,,,,,,,,,,,,,,,,,,0.0,,,,,,,,,,,,,,,,,,12418.748150169333,0.0,1.4400761e-05,4.7379167e-06,87593.56,0.19290721,-223.01346,0.0,0.0,1.0,-5.114892981447222e-13,1.3227823e-12,5.761519e-16,0.0,0.0,0.0,7.480000000000001e-16,1.1870960812487095e-14,8.112929923459012e-13,742.7175483354315,2.2963961900471575e-14,6.59181966914158e-14,0.0,1.4400761e-05,4.7379167e-06,87593.56,0.19290721,-223.01346,0.0,0.0,0.9273808682916447,-5.114892981447222e-13,1.3227823e-12,5.761519e-16,0.0,0.0,0.0,7.480000000000001e-16,1.1870960812487095e-14,8.112929923459012e-13,742.7175483354315,2.2963961900471575e-14,6.59181966914158e-14,0.0
25,25,25,139.85352256081322,40.332439875198624,9250.68,885974.0,TVJ571,206.806666488,0.5023430294109853,34610D,222.75658,45.582413,-6.388996,225.9415538654305,69560.68491410051,0.4018950975224635,0.483391309399607,34.452153851515334,36.999586827238,73.3247638294598,1.2718409623465771e-05,29612.80767196386,0.1615256266411649,0.2871012820959611,0.5175114185480872,climb,15,GTF2035_wi,0,43031,1.237,3.16,3.16,14.085704263455842,2.1126764917617185,0.7551583833408603,18.49980941213938,12.521172189241913,23.237445438206382,1455539283774564.8,15.6701104932453,728.200590411573,1051.34225185815,0.00127184096235,0.0147004106465925,0.204880156875395,18.499793413619,13.937036304689,13.936859050006738,15.16018594191752,0.4631622362671158,373580983150543.2,0.483391309399607,0.0010364094842678084,4.121560844943772e-06,3.16,35.8,2023-02-06 01:25:00,1.2718409623465773e-05,0.161525447488042,0.0,25,296.1280767196386,1.2718409623465773e-05,45.582413,-6.388996,0.161525447488042,0.0,0.0,0.4631178211129489,703.4602788879214,12522.664923628634,-0.8885829017548318,-0.4587160632776695,2.2922105493874496,234.75962450286,0.0983547374587307,0.0,1.0,225.319469058954,28.117254249628648,44.66746693580767,0.16867526814333447,222.73941,1.3208901539106548e-05,9228.346266532097,0.0,0.014371240367283917,0.007879969,89.33493387161533,,,,0.0,0 days 00:00:00,,,,,,,,,,,,,,,,,,,,,0.0,,,,,,,,,,,,,,,,,,12522.664923628634,0.0,1.3622964e-05,4.8912248e-06,87489.234,0.17811923,-225.07854,0.0,0.0,1.0,-5.119963317708148e-13,1.3267654e-12,5.8796946e-16,0.0,0.0,0.0,7.479999999999999e-16,1.1927968107066909e-14,8.147691279552426e-13,744.6906972675978,2.449153651860546e-14,6.855494221209978e-14,0.0,1.3622964e-05,4.8912248e-06,87489.234,0.17811923,-225.07854,0.0,0.0,0.9504216295045229,-5.119963317708148e-13,1.3267654e-12,5.8796946e-16,0.0,0.0,0.0,7.479999999999999e-16,1.1927968107066909e-14,8.147691279552426e-13,744.6906972675978,2.449153651860546e-14,6.855494221209978e-14,0.0
26,26,26,139.78585676713422,40.23235256389036,9273.54,885974.0,TVJ571,206.806666488,0.5045996790826248,34610D,222.95297,46.620525,-6.8492136,225.20210648313977,69526.232760249,0.4018949292925378,0.4776933432480606,34.10101068070493,36.6834950217286,24.47194514600433,1.1375972564448949e-05,29511.52324722381,0.140523118130291,0.2841750890058744,0.5152834024921186,climb,15,GTF2035_wi,0,43031,1.237,3.16,3.16,13.961849870364928,2.0941186509336647,0.7523553598593866,18.341472525086942,12.457456579248388,23.10152672696607,1449123885949287.0,15.5278800075803,727.770250997833,1050.67658317624,0.00113759725644,0.0146861071952218,0.202897908131299,18.3417475108643,13.815635786542,13.815478622036231,15.15890887847332,0.4620631567958004,368824962684148.9,0.4776933432480606,0.0010325394095005065,4.056893216263478e-06,3.16,35.8,2023-02-06 01:26:00,1.1375972564448949e-05,0.14052317541746245,0.0,26,295.1152324722381,1.1375972564448949e-05,46.620525,-6.8492136,0.14052317541746245,0.0,0.0,0.461127277363982,706.620230748414,12311.769247442911,-0.8895150327756334,-0.456905905484011,2.2843672342604715,234.72247163612653,0.08573085396334915,0.0,1.0,225.2388065833112,28.117254249628648,45.10712901416854,0.14680060492144886,222.93983,1.1824828986364118e-05,9250.986435492916,0.0,0.014282738624167735,0.007817272,90.21425802833708,,,,0.0,0 days 00:00:00,,,,,,,,,,,,,,,,,,,,,0.0,,,,,,,,,,,,,,,,,,12311.769247442911,0.0,1.2575076e-05,5.074244e-06,87780.31,0.1592335,-227.3591,0.0,0.0,0.9999999999999999,-5.109984075514817e-13,1.3398817e-12,6.020772e-16,0.0,0.0,0.0,7.479999999999999e-16,1.2125558921393098e-14,8.288832089212242e-13,746.6785691759669,2.453016211301949e-14,6.774685209411455e-14,0.0,1.2575076e-05,5.074244e-06,87780.31,0.1592335,-227.3591,0.0,0.0,0.944639301352032,-5.109984075514817e-13,1.3398817e-12,6.020772e-16,0.0,0.0,0.0,7.479999999999999e-16,1.2125558921393098e-14,8.288832089212242e-13,746.6785691759669,2.453016211301949e-14,6.774685209411455e-14,0.0
27,27,27,139.71968910910866,40.1338480286679,9281.16,885974.0,TVJ571,206.806666488,0.5068360793316753,34610D,223.11621,47.59579,-7.3598776,224.96009298939225,69492.13174956829,0.39822834474359353,0.448426466547661,32.022402684053304,34.158544864286,0.0,1.0606904067841463e-05,29477.824178233957,0.1282589476357657,0.2668533557004442,0.485618741114843,climb,15,GTF2035_wi,0,43031,1.237,3.16,3.16,13.41851513522433,2.012634941380877,0.7512718666382666,17.079298238221316,12.11058005131073,21.37961133689109,1367849040506793.0,14.8093254761243,720.762431125398,1036.78183125434,0.00106069040678,0.0143475943754342,0.190441817108956,17.079272432143,13.2734319165747,13.27329112804904,15.164104444700616,0.4444268781888216,337628899241530.56,0.448426466547661,0.0009972523873949613,3.5240641187332492e-06,3.16,35.8,2023-02-06 01:27:00,1.0606904067841467e-05,0.12825898145249798,0.0,27,294.77824178233965,1.0606904067841467e-05,47.59579,-7.3598776,0.12825898145249798,0.0,0.0,0.46026372593036075,709.7518246815888,12308.618902287139,-0.8895580235432005,-0.45682220036893445,2.267854504271407,234.6438824965613,0.07837383122076429,0.0,1.0,225.14025085913815,28.117254249628648,45.69316552424175,0.13380963862470982,223.10852,1.1017635930174801e-05,9258.31341723788,0.0,0.013998221262350796,0.0074947807,91.3863310484835,,,,0.0,0 days 00:00:00,,,,,,,,,,,,,,,,,,,,,0.0,,,,,,,,,,,,,,,,,,12308.618902287139,0.0,1.1777897e-05,5.1545207e-06,87915.38,0.14579684,-228.86697,0.0,0.0,1.0,-5.10589495431254e-13,1.3487256e-12,6.0826516e-16,0.0,0.0,0.0,7.48e-16,1.2252034939364417e-14,8.381361351310236e-13,748.6303935062631,2.2488585370604e-14,6.359620022696252e-14,0.0,1.1777897e-05,5.1545207e-06,87915.38,0.14579684,-228.86697,0.0,0.0,0.9457962587582052,-5.10589495431254e-13,1.3487256e-12,6.0826516e-16,0.0,0.0,0.0,7.48e-16,1.2252034939364417e-14,8.381361351310236e-13,748.6303935062631,2.2488585370604e-14,6.359620022696252e-14,0.0
28,28,28,139.65364609755477,40.035363998597816,9281.16,885974.0,,204.748888712,0.5090668336704391,34610D,223.27985,48.520607,-7.8700056,222.91591262457524,69460.10934688423,0.39717416165348013,0.4482912973360567,31.982798528288733,34.3701686413812,0.0,1.0013904035787964e-05,29477.824178233957,0.1186669925401605,0.2665233210690728,0.4853395435206678,climb,15,GTF2035_wi,0,43031,1.237,3.16,3.16,13.383358055738752,2.007369688697566,0.7441723589458674,17.18504397874696,12.092971325181862,21.460221887106893,1371653879029978.5,14.7772430455318,720.653393269351,1037.59818786385,0.00100139040358,0.0143810770360612,0.190393821822635,17.1850843206906,13.2391907327396,13.23905815808168,15.1634824727318,0.4441574833826411,338773773100514.75,0.4482912973360567,0.0009963889824892377,3.532943161463446e-06,3.16,35.8,2023-02-06 01:28:00,1.0013904035787964e-05,0.11866695992513053,0.0,28,294.77824178233965,1.0013904035787964e-05,48.520607,-7.8700056,0.11866695992513053,0.0,0.0,0.4599264023603599,712.875510844058,12218.360180623738,-0.8960913356670814,-0.44386970852085184,2.2638874680901813,234.6249267725896,0.0726288291194683,0.0,1.0,225.10199967090108,28.117254249628648,46.63309947331082,0.1235597378504825,223.27844,1.0388605808391587e-05,9257.843450263344,0.0,0.013648229010658496,0.007197285,93.26619894662164,,,,0.0,0 days 00:00:00,,,,,,,,,,,,,,,,,,,,,0.0,,,,,,,,,,,,,,,,,,12218.360180623738,0.0,1.1043695e-05,5.2088503e-06,87972.97,0.13340968,-229.73557,0.0,0.0,0.9999999999999999,-5.104760349162514e-13,1.35609e-12,6.124531e-16,0.0,0.0,0.0,7.479999999999999e-16,1.2353435819500604e-14,8.456140568149116e-13,750.5818115359235,2.2662753175214348e-14,6.357703042123743e-14,0.0,1.1043695e-05,5.2088503e-06,87972.97,0.13340968,-229.73557,0.0,0.0,0.9627317552505119,-5.104760349162514e-13,1.35609e-12,6.124531e-16,0.0,0.0,0.0,7.479999999999999e-16,1.2353435819500604e-14,8.456140568149116e-13,750.5818115359235,2.2662753175214348e-14,6.357703042123743e-14,0.0
29,29,29,139.59003795276988,39.9368855104608,9281.16,885974.0,TVJ571,202.691110936,0.511303049926737,34610D,223.44579,49.476868,-8.429662,221.28317158962565,69428.12654835594,0.39747751341382515,0.458395627351131,32.66592660907542,35.4312179791402,24.53129700280097,9.527391798875983e-06,29477.824178233957,0.1106158480401754,0.2722160550756285,0.4962642986501951,climb,15,GTF2035_wi,0,43031,1.237,3.16,3.16,13.535473028316275,2.030191996492717,0.738447319675977,17.7159554670235,12.198866019869191,22.15004185556216,1404213557422136.2,14.9974081214548,723.310102631154,1043.61217393219,0.000952739179888,0.0145362383732305,0.194703311712256,17.7156089895701,13.3943394923143,13.39421188040988,15.158186435490435,0.4507657957783934,350353659778191.3,0.458395627351131,0.0010091683775387474,3.7300881456017108e-06,3.16,35.8,2023-02-06 01:29:00,9.527391798875983e-06,0.11061586241229135,0.0,29,294.77824178233965,9.527391798875983e-06,49.476868,-8.429662,0.11061586241229135,0.0,0.0,0.45958484216713513,716.0068441666625,12130.76536614512,-0.8956364770630337,-0.44478680393433195,2.265026316136922,234.63037154483928,0.06781136614215769,0.0,1.0,225.08941014186436,28.117254249628648,47.85291575276298,0.11488052552115359,223.45175,9.866527576091021e-06,9257.233542123618,0.0,0.01323436293940631,0.0065186024,95.70583150552596,,,,0.0,0 days 00:00:00,,,,,,,,,,,,,,,,,,,,,0.0,,,,,,,,,,,,,,,,,,12130.76536614512,0.0,1.0406107e-05,5.2084497e-06,88032.26,0.12306513,-230.55914,0.0,0.0,1.0,-5.103545246626115e-13,1.3635719e-12,6.124222e-16,0.0,0.0,0.0,7.48e-16,1.2452247607271812e-14,8.532173412131535e-13,752.5295087634754,2.3681817156115318e-14,6.501003458743928e-14,0.0,1.0406107e-05,5.2084497e-06,88032.26,0.12306513,-230.55914,0.0,0.0,0.9854729168122549,-5.103545246626115e-13,1.3635719e-12,6.124222e-16,0.0,0.0,0.0,7.48e-16,1.2452247607271812e-14,8.532173412131535e-13,752.5295087634754,2.3681817156115318e-14,6.501003458743928e-14,0.0
30,30,30,139.52684549726203,39.83916277853599,9288.78,885974.0,,202.27399381924323,0.5135246750854526,34610D,223.60806,50.47606,-9.017365,220.4087151167629,69395.46062174687,0.40544761855826844,0.5341346580979752,38.3645539205949,42.2803124976158,49.11321592609719,9.017968740322246e-06,29444.15627541902,0.1025137032163531,0.3197046160049575,0.584567756373697,climb,15,GTF2035_wi,0,43031,1.237,3.16,3.16,14.777409643172374,2.216478184257632,0.7352622124168834,21.14090453658665,13.10068066237559,27.510220630992155,1581788691224597.8,16.7576091683202,743.941144257689,1085.52090899793,0.000901796874032,0.0155764229530369,0.228115923170807,21.1401562488079,14.6449492196366,14.644817153133303,15.135800109915854,0.5042592554939135,442985545442843.4,0.5341346580979752,0.0011054383209889657,5.373966245897012e-06,3.16,35.8,2023-02-06 01:30:00,9.017968740322246e-06,0.10251370620451389,0.0,30,294.4415627541903,9.017968740322246e-06,50.47606,-9.017365,0.10251370620451389,0.0,0.0,0.4587267954376809,719.1177432689518,12219.867663302739,-0.8927771787222819,-0.4504985118207195,2.2927668195167894,234.76225521721076,0.06294444401487218,0.0,1.0,225.19164533738777,28.117254249628648,49.45877828003536,0.10617979933508999,223.62234,9.322276050831084e-06,9264.050610859984,0.0,0.012782188442596407,0.005403106,98.91755656007072,,,,0.0,0 days 00:00:00,,,,,,,,,,,,,,,,,,,,,0.0,,,,,,,,,,,,,,,,,,12219.867663302739,0.0,9.806755e-06,5.169967e-06,88171.49,0.11349447,-231.38988,0.0,0.0,1.0,-5.09924314396805e-13,1.37259e-12,6.094558e-16,0.0,0.0,0.0,7.479999999999999e-16,1.2572108978767537e-14,8.626656289527282e-13,754.4602509585166,3.0561806356767085e-14,7.575140451918131e-14,0.0,9.806755e-06,5.169967e-06,88171.49,0.11349447,-231.38988,0.0,0.0,0.997871234926696,-5.09924314396805e-13,1.37259e-12,6.094558e-16,0.0,0.0,0.0,7.479999999999999e-16,1.2572108978767537e-14,8.626656289527282e-13,754.4602509585166,3.0561806356767085e-14,7.575140451918131e-14,0.0
31,31,31,139.46246337890625,39.74103601393971,9304.02,885974.0,,201.8568767024865,0.5157399454242595,34610D,223.76108,51.479523,-9.591197,225.2188943224985,69357.09606782628,0.39841615153856663,0.4504287520015751,32.14941547251697,34.2878029410154,0.0,8.486254272614101e-06,29376.91388010121,0.0944556890252172,0.2679117956043081,0.4945817020778156,climb,15,GTF2035_wi,0,43031,1.237,3.16,3.16,13.402069049323368,2.010196624032773,0.7510516012173626,17.143675749921442,12.13108967865728,21.65851641783281,1381013431438729.0,14.8247943078078,723.417684079053,1040.91068381508,0.000848625427261,0.0144331482762978,0.191355035175445,17.1439014705077,13.2580246189038,13.25791210889052,15.163089915930094,0.451036438764367,338656915493591.2,0.4504287520015751,0.001005427953637504,3.6085170299571617e-06,3.16,35.8,2023-02-06 01:31:00,8.486254272614101e-06,0.09445573842963971,0.0,31,293.7691388010121,8.486254272614101e-06,51.479523,-9.591197,0.09445573842963971,0.0,0.0,0.4573662030419524,722.2197418896176,11727.003689854755,-0.808742127382322,-0.5881633883514988,2.2607924816774903,234.61011755861838,0.058083792384378906,0.0,1.0,225.03579089070055,28.117254249628648,50.624660493775025,0.09748638765235605,223.78447,8.75044206890842e-06,9278.707669753114,0.0,0.012301056461666349,0.003960126,101.24932098755005,,,,0.0,0 days 00:00:00,,,,,,,,,,,,,,,,,,,,,0.0,,,,,,,,,,,,,,,,,,11727.003689854755,0.0,9.225262e-06,5.086239e-06,88391.516,0.10403985,-232.28377,0.0,0.0,1.0,-5.091823643636974e-13,1.3830189e-12,6.030018e-16,0.0,0.0,0.0,7.48e-16,1.2710877150127822e-14,8.738365665228795e-13,756.3984595369136,2.3744253762678788e-14,6.388016595186499e-14,0.0,9.225262e-06,5.086239e-06,88391.516,0.10403985,-232.28377,0.0,0.0,1.0,-5.091823643636974e-13,1.3830189e-12,6.030018e-16,0.0,0.0,0.0,7.48e-16,1.2710877150127822e-14,8.738365665228795e-13,756.3984595369136,2.3744253762678788e-14,6.388016595186499e-14,0.0
32,32,32,139.38189697265625,39.65571845808455,9304.02,885974.0,,201.4397595857297,0.5176987580095082,34610D,223.88196,52.378464,-10.072755,223.3424060793038,69324.94665235376,0.39723078132819567,0.448446247839231,31.98433278865297,34.3212848270634,0.0,8.327560049315692e-06,29376.91388010121,0.0913241912392266,0.2665361065721081,0.4921012387431412,climb,15,GTF2035_wi,0,43031,1.237,3.16,3.16,13.33515487874788,2.0001621825091624,0.744592847417053,17.160565425097108,12.093152170250915,21.61591678770068,1379002718035008.5,14.7501250176805,722.735559561411,1040.64504188126,0.000832756004932,0.0144402558176334,0.190522151761254,17.1606424135317,13.1938210906626,13.19371121924015,15.160799116283927,0.4493347226711096,337918102357278.2,0.448446247839231,0.001002192626659037,3.581992456597481e-06,3.16,35.8,2023-02-06 01:32:00,8.327560049315692e-06,0.09132413240113925,0.0,32,293.7691388010121,8.327560049315692e-06,52.378464,-10.072755,0.09132413240113925,0.0,0.0,0.4571192585064315,724.9626068694665,11732.009956469874,-0.8083971707579943,-0.5886374217720703,2.2563462323634917,234.58881126520075,0.05622463419176389,0.0,1.0,225.00972881517782,28.117254249628648,53.03013705614509,0.09393213732748217,223.91519,8.566225446994556e-06,9277.504931471927,0.0,0.011808364665800753,0.0028661636,106.06027411229017,,,,0.0,0 days 00:00:00,,,,,,,,,,,,,,,,,,,,,0.0,,,,,,,,,,,,,,,,,,11732.009956469874,0.0,8.931553e-06,4.8243014e-06,88449.45,0.09906526,-232.89275,0.0,0.0,1.0,-5.090474886374152e-13,1.3889742e-12,5.828107e-16,0.0,0.0,0.0,7.480000000000001e-16,1.2769857743301079e-14,8.799266932150854e-13,758.0791949342348,2.3727902042371334e-14,6.359900562555802e-14,0.0,8.931553e-06,4.8243014e-06,88449.45,0.09906526,-232.89275,0.0,0.0,1.0,-5.090474886374152e-13,1.3889742e-12,5.828107e-16,0.0,0.0,0.0,7.480000000000001e-16,1.2769857743301079e-14,8.799266932150854e-13,758.0791949342348,2.3727902042371334e-14,6.359900562555802e-14,0.0
33,33,33,139.30133056640625,39.57040090222939,9304.02,885974.0,,201.0226424689729,0.5196523199066305,34610D,223.99773,53.27288,-10.532514,221.70466747679984,69292.96231956511,0.4081684249506634,0.5550797657052279,40.0801941646506,43.9745500474396,0.0,8.201143168920472e-06,29376.91388010121,0.088669956338941,0.334001618038755,0.616839297613794,climb,15,GTF2035_wi,0,43031,1.237,3.16,3.16,15.079022563635306,2.261729719322404,0.7389418174191171,21.98762086401388,13.364802141246336,29.80827744445838,1547263697237759.2,17.2195655358756,751.176941180889,1098.92911163228,0.000820114316892,0.0158979200150682,0.237608833767074,21.9872750237198,14.9459069829176,14.945784410399876,15.133714161340626,0.5247129001227384,466137932935339.1,0.5550797657052279,0.0011383167070494209,5.870397281206671e-06,3.16,35.8,2023-02-06 01:33:00,8.201143168920473e-06,0.08866997135870795,0.0,33,293.7691388010121,8.201143168920473e-06,53.27288,-10.532514,0.08866997135870795,0.0,0.0,0.4568830030026043,727.6981177225174,11737.011253271006,-0.8080528528990585,-0.5891099956049739,2.2980455328373166,234.78719126657148,0.05465255099499485,0.0,1.0,225.1843567136392,28.117254249628648,55.51578438892148,0.09086652865281138,224.04153,8.414432185642313e-06,9276.26210780554,0.0,0.01131793784385195,0.0020025845,111.03156877784296,,,,0.0,0 days 00:00:00,,,,,,,,,,,,,,,,,,,,,0.0,,,,,,,,,,,,,,,,,,11737.011253271006,0.0,8.676761e-06,4.547595e-06,88508.195,0.09449077,-233.37465,0.0,0.0,1.0000000000000004,-5.089094430023127e-13,1.3947404e-12,5.614813e-16,0.0,0.0,0.0,7.48e-16,1.2825284446930076e-14,8.858310115550975e-13,759.7599303315558,3.358308872931598e-14,7.872185643612798e-14,0.0,8.676761e-06,4.547595e-06,88508.195,0.09449077,-233.37465,0.0,0.0,1.0000000000000004,-5.089094430023127e-13,1.3947404e-12,5.614813e-16,0.0,0.0,0.0,7.48e-16,1.2825284446930076e-14,8.858310115550975e-13,759.7599303315558,3.358308872931598e-14,7.872185643612798e-14,0.0
34,34,34,139.22076416015625,39.48508334637423,9304.02,885974.0,,200.6055253522162,0.5216005940323509,34610D,224.10596,54.13778,-10.93471,228.5923945980827,69252.88212540046,0.4125279403759075,0.5564377915269619,40.20812721156354,43.2105355004526,394.24658808603937,8.111559940400715e-06,29376.91388010121,0.0865462331488787,0.3350677267630295,0.624196782857214,climb,15,GTF2035_wi,0,43031,1.237,3.16,3.16,15.20004839091138,2.279883962533087,0.761714606930452,21.60550595748609,13.425037345887384,29.49324599268495,1551996591095913.0,17.3468489286442,752.832318534768,1098.00765945506,0.00081115599404,0.0158194585750546,0.238288301574199,21.6052677502263,15.0629871713784,15.062864988046174,15.136603479316284,0.5294785020933493,461105301226026.06,0.5564377915269619,0.0011459168723104414,5.853597677544803e-06,3.16,35.8,2023-02-06 01:34:00,8.111559940400716e-06,0.08654624721691315,0.0,34,293.7691388010121,8.111559940400716e-06,54.13778,-10.93471,0.08654624721691315,0.0,0.0,0.45666235537942207,730.4262225241661,11261.167520211991,-0.6627748018170154,-0.7488187778604485,2.3150987010577033,234.86740377690757,0.053400197388161014,0.0,1.0,225.25272835437505,28.117254249628648,55.33973398783473,0.0882852601033235,224.1582,8.293151964657964e-06,9276.350133006083,0.0,0.010844510975057915,0.0017770127,110.67946797566945,,,,0.0,0 days 00:00:00,,,,,,,,,,,,,,,,,,,,,0.0,,,,,,,,,,,,,,,,,,11261.167520211991,0.0,8.4736985e-06,4.2557585e-06,88568.5,0.09061269,-233.37393,0.0,0.0,1.0000000000000002,-5.087649607912383e-13,1.4002166e-12,5.3898554e-16,0.0,0.0,0.0,7.48e-16,1.287585749743608e-14,8.914516873526538e-13,761.4398010917248,3.4105058118701364e-14,7.891445274458697e-14,0.0,8.4736985e-06,4.2557585e-06,88568.5,0.09061269,-233.37393,0.0,0.0,1.0000000000000002,-5.087649607912383e-13,1.4002166e-12,5.3898554e-16,0.0,0.0,0.0,7.48e-16,1.287585749743608e-14,8.914516873526538e-13,761.4398010917248,3.4105058118701364e-14,7.891445274458697e-14,0.0
35,35,35,139.12260836129173,39.41792648045335,9425.94,885974.0,,200.18840823545943,0.5232154057139549,34610D,223.9112,54.71775,-10.614607,228.94128458313003,69212.67399818888,0.408696920379485,0.469967246359465,33.952659160151484,36.1015858876504,0.0,7.472466690819995e-06,28843.43834933314,0.0801704914743238,0.2829388263345957,0.5353080285882299,cruise,15,GTF2035_wi,0,43031,1.237,3.16,3.16,13.779929300135704,2.066886424957658,0.7632088866147784,18.05031942313415,12.436744574761873,23.61068299748736,1473156191735747.5,15.382126442066,733.252771669268,1057.83567283512,0.000747246669082,0.0148135900143708,0.201966318078024,18.0507929438252,13.6338536358907,13.633751758134816,15.160818088683744,0.4759551377062619,367476450273105.6,0.469967246359465,0.0010413514989952239,4.190045377358631e-06,3.16,35.8,2023-02-06 01:35:00,7.472466690819996e-06,0.08017053566380117,0.0,35,288.4343834933314,7.472466690819996e-06,54.71775,-10.614607,0.08017053566380117,0.0,0.0,0.4487595062939967,732.68736020398,11250.053180638379,-0.6470587912949985,-0.7624401095219581,2.2583289784729463,234.5983171086684,0.04937195512264835,0.0,1.0,224.99377660575743,28.117254249628648,52.33110431498107,0.08095935308207582,223.95914,7.560644615633464e-06,9399.77444784251,0.0,0.01077660409271715,0.0042526945,104.66220862996214,,,,0.0,0 days 00:00:00,,,,,,,,,,,,,,,,,,,,,0.0,,,,,,,,,,,,,,,,,,11250.053180638379,0.0,8.120147e-06,4.1478206e-06,89867.805,0.08722901,-232.87448,0.0,0.0,0.9999999999999999,-5.03804882043263e-13,1.4214975e-12,5.3066535e-16,0.0,0.0,0.0,7.48e-16,1.3208669609639551e-14,9.176926354041733e-13,762.7588825332924,2.6947186919634858e-14,6.665113085249643e-14,0.0,8.120147e-06,4.1478206e-06,89867.805,0.08722901,-232.87448,0.0,0.0,0.9999999999999999,-5.03804882043263e-13,1.4214975e-12,5.3066535e-16,0.0,0.0,0.0,7.48e-16,1.3208669609639551e-14,9.176926354041733e-13,762.7588825332924,2.6947186919634858e-14,6.665113085249643e-14,0.0
36,36,36,139.022853526735,39.35242058634468,9425.94,885974.0,,199.7712911187027,0.5247961551934045,34610D,223.92976,55.35474,-10.741252,228.38259060304927,69178.72133902874,0.40847401253263155,0.4676994387208545,33.80577945387444,35.9956254470818,0.0,7.51920210702967e-06,28843.43834933314,0.0804885163565633,0.281714828782287,0.5328524255018924,cruise,15,GTF2035_wi,0,43031,1.237,3.16,3.16,13.737581317933907,2.0605339020396944,0.7613147989327163,17.99766594733675,12.409540270060369,23.51123218572347,1468462088063854.0,15.3286337072801,732.669844717097,1057.02631876748,0.000751920210703,0.0147980566144371,0.201142120864162,17.9978127235409,13.5924686669955,13.592366463244952,15.160245358027977,0.4744740144407784,365780646592685.2,0.4676994387208545,0.0010386362752189185,4.15556339874341e-06,3.16,35.8,2023-02-06 01:36:00,7.519202107029669e-06,0.08048851759319318,0.0,36,288.4343834933314,7.519202107029669e-06,55.35474,-10.741252,0.08048851759319318,0.0,0.0,0.44872231170031335,734.9007976480698,11256.182746039376,-0.6467066272627546,-0.7627388401375879,2.257478051496474,234.5942384295935,0.04957679754141483,0.0,1.0,224.9908034209042,28.117254249628648,52.01046839232055,0.08116399829148646,223.98293,7.60207921882263e-06,9399.93476580384,0.0,0.010470182001082264,0.0050232634,104.0209367846411,,,,0.0,0 days 00:00:00,,,,,,,,,,,,,,,,,,,,,0.0,,,,,,,,,,,,,,,,,,11256.182746039376,0.0,8.077255e-06,3.8890616e-06,89920.39,0.086501285,-232.65976,0.0,0.0,1.0000000000000002,-5.036623765865001e-13,1.4237752e-12,5.1071936e-16,0.0,0.0,0.0,7.48e-16,1.3220185458707028e-14,9.201127784369548e-13,764.045535923786,2.6817769143308878e-14,6.632950855894257e-14,0.0,8.077255e-06,3.8890616e-06,89920.39,0.086501285,-232.65976,0.0,0.0,1.0000000000000002,-5.036623765865001e-13,1.4237752e-12,5.1071936e-16,0.0,0.0,0.0,7.48e-16,1.3220185458707028e-14,9.201127784369548e-13,764.045535923786,2.6817769143308878e-14,6.632950855894257e-14,0.0
37,37,37,138.92309869217826,39.28691469223601,9425.94,885974.0,,199.35417400194595,0.5263726998391762,34610D,223.95818,55.938137,-10.808832,227.8102327752862,69144.91555957486,0.40768937378740383,0.4825550445495696,34.7232673037765,37.160749345435,0.0,7.551751489200952e-06,28843.43834933314,0.0805556807606209,0.2893605608648041,0.5472522507525103,cruise,15,GTF2035_wi,0,43031,1.237,3.16,3.16,13.949012670203494,2.092246561053319,0.7593587137904786,18.579970800990147,12.55547777554546,24.34171876551152,1507661266376210.0,15.6223158706692,735.908847291777,1063.85815903531,0.00075517514892,0.0149711410458807,0.206657997211339,18.5803746727175,13.8037572806249,13.803653038867507,15.157949833418694,0.4827611242733152,380595103663657.0,0.4825550445495696,0.0010543464497647576,4.410363491795087e-06,3.16,35.8,2023-02-06 01:37:00,7.551751489200952e-06,0.08055571210132569,0.0,37,288.4343834933314,7.551751489200952e-06,55.938137,-10.808832,0.08055571210132569,0.0,0.0,0.44866536942609714,737.1083457885484,11262.306162278586,-0.6463552016682106,-0.7630366657484074,2.2544876150990887,234.57989381888166,0.04963200902755854,0.0,1.0,224.97796577887485,28.117254249628648,51.742963835362815,0.08112146614456336,224.01588,7.629005991095593e-06,9400.068518082318,0.0,0.010207773751150739,0.0057753203,103.48592767072563,,,,0.0,0 days 00:00:00,,,,,,,,,,,,,,,,,,,,,0.0,,,,,,,,,,,,,,,,,,11262.306162278586,0.0,8.035885e-06,3.632913e-06,89974.49,0.08570948,-232.441,0.0,0.0,1.0,-5.035139138352695e-13,1.4262336e-12,4.9097455e-16,0.0,0.0,0.0,7.480000000000001e-16,1.3234330077389922e-14,9.227196551933783e-13,765.3321893142795,2.8167689334110353e-14,6.843634246205561e-14,0.0,8.035885e-06,3.632913e-06,89974.49,0.08570948,-232.441,0.0,0.0,1.0,-5.035139138352695e-13,1.4262336e-12,4.9097455e-16,0.0,0.0,0.0,7.480000000000001e-16,1.3234330077389922e-14,9.227196551933783e-13,765.3321893142795,2.8167689334110353e-14,6.843634246205561e-14,0.0
38,38,38,138.82334385762152,39.22140879812734,9425.94,885974.0,,198.9370568851892,0.5279450176451354,34610D,223.99039,56.466854,-10.775941,228.32600647828164,69110.19229227108,0.40788509659858185,0.4838578380933702,34.8094521340949,37.1947527386008,0.0,7.583427090543607e-06,28843.43834933314,0.0805747840094868,0.2900787677841241,0.5491884533473566,cruise,15,GTF2035_wi,0,43031,1.237,3.16,3.16,13.972844241583546,2.0958206741919785,0.7610232077280676,18.597384418563863,12.572292875353812,24.39737187538183,1510288107351774.5,15.6532331116548,736.388585512536,1064.46543650782,0.000758342709054,0.0149818630737775,0.207148086399627,18.5973763693004,13.8265905501562,13.826485698009993,15.15877260582455,0.4839928601597951,381446925065709.94,0.4838578380933702,0.0010562880434274913,4.4327770215808746e-06,3.16,35.8,2023-02-06 01:38:00,7.583427090543606e-06,0.0805748065334311,0.0,38,288.4343834933314,7.583427090543606e-06,56.466854,-10.775941,0.0805748065334311,0.0,0.0,0.44860085098158164,739.3099738131688,11268.423407390863,-0.646004513990401,-0.763333588874501,2.2552328946645157,234.58347037098028,0.04965944893944807,0.0,1.0,224.9813141029368,28.117254249628648,51.33983880432852,0.08104435824989598,224.05193,7.655716992051638e-06,9400.270080597837,0.0,0.009999036052861357,0.0064451927,102.67967760865704,,,,0.0,0 days 00:00:00,,,,,,,,,,,,,,,,,,,,,0.0,,,,,,,,,,,,,,,,,,11268.423407390863,0.0,8.005377e-06,3.392594e-06,90029.11,0.08514184,-232.36537,0.0,0.0,1.0,-5.033626369844385e-13,1.4285936e-12,4.7245e-16,0.0,0.0,0.0,7.480000000000001e-16,1.3248451426698428e-14,9.25230881713198e-13,766.6171747368298,2.8372755449964272e-14,6.862110568467226e-14,0.0,8.005377e-06,3.392594e-06,90029.11,0.08514184,-232.36537,0.0,0.0,1.0,-5.033626369844385e-13,1.4285936e-12,4.7245e-16,0.0,0.0,0.0,7.480000000000001e-16,1.3248451426698428e-14,9.25230881713198e-13,766.6171747368298,2.8372755449964272e-14,6.862110568467226e-14,0.0
39,39,39,138.72358902306476,39.15590290401867,9425.94,885974.0,,198.51993976843244,0.5295130866558947,34610D,224.02615,56.939327,-10.626062,228.8244416636755,69075.382840137,0.4080726095327162,0.4853278744661907,34.905802444899855,37.2436046715546,0.0,7.6129319580341935e-06,28843.43834933314,0.0805345490631604,0.2908816870408321,0.5513115314458689,cruise,15,GTF2035_wi,0,43031,1.237,3.16,3.16,13.99813219660645,2.099613262663015,0.7626236260493479,18.62180458775001,12.590638693596718,24.46317114480165,1513393849645007.5,15.6873216370559,736.911575598691,1065.1679603658,0.000761293195803,0.0149947528158605,0.207701221866601,18.6218023357773,13.8515935819167,13.85148813148004,15.158795164598112,0.4853445089681759,382386786211314.9,0.4853278744661907,0.0010585851917157374,4.457397516957832e-06,3.16,35.8,2023-02-06 01:39:00,7.6129319580341935e-06,0.08053457612667941,0.0,39,288.4343834933314,7.6129319580341935e-06,56.939327,-10.626062,0.08053457612667941,0.0,0.0,0.4485292434195578,741.5056509807782,11274.534459453138,-0.6456545637066365,-0.7636296120271874,2.2559473730412245,234.58689812863392,0.0496520552355922,0.0,1.0,224.984402528253,28.117254249628648,51.0047640174406,0.08092970068772302,224.09117,7.681918326276354e-06,9400.43761799128,0.0,0.00984811490343077,0.006991458,102.0095280348812,,,,0.0,0 days 00:00:00,,,,,,,,,,,,,,,,,,,,,0.0,,,,,,,,,,,,,,,,,,11274.534459453138,0.0,7.987702e-06,3.1817024e-06,90083.63,0.08480931,-232.73933,0.0,0.0,1.0,-5.032106583208526e-13,1.4307779e-12,4.5619373e-16,0.0,0.0,0.0,7.48e-16,1.3262567824131489e-14,9.275672380433735e-13,767.900006611462,2.859286679936187e-14,6.882958741909474e-14,0.0,7.987702e-06,3.1817024e-06,90083.63,0.08480931,-232.73933,0.0,0.0,1.0,-5.032106583208526e-13,1.4307779e-12,4.5619373e-16,0.0,0.0,0.0,7.48e-16,1.3262567824131489e-14,9.275672380433735e-13,767.900006611462,2.859286679936187e-14,6.882958741909474e-14,0.0
40,40,40,138.62383418850803,39.09039700991,9425.94,885974.0,,198.10282265167567,0.5310768849671561,34610D,224.06915,57.38213,-10.430307,229.3188015180688,69040.4770376921,0.4083391090075584,0.4840791619263869,34.83133244369645,37.0919051275866,0.0,7.626383718560928e-06,28843.43834933314,0.0802529490689281,0.2902611036974704,0.5508014539293895,cruise,15,GTF2035_wi,0,43031,1.237,3.16,3.16,13.983700976523847,2.0974485014091244,0.7641978503238527,18.545828429155343,12.581449409575796,24.38207943975353,1509566300491058.0,15.6662939319541,736.858250748056,1064.6778080655,0.000762638371856,0.0149778956488033,0.207240016123757,18.5459525637933,13.8363907042119,13.836285183391851,15.159806222749264,0.4852064196101264,380727432391029.4,0.4840791619263869,0.0010578682732784964,4.436666096639276e-06,3.16,35.8,2023-02-06 01:40:00,7.626383718560927e-06,0.08025298709219546,0.0,40,288.4343834933314,7.626383718560927e-06,57.38213,-10.430307,0.08025298709219546,0.0,0.0,0.44844316839554377,743.6953466217963,11280.63929661734,-0.6453053502911522,-0.7639247377102102,2.2569635366801215,234.5917715878176,0.04949930662452632,0.0,1.0,224.98828442498166,28.117254249628648,50.69437091605311,0.0805877861039649,224.13696,7.69265899460995e-06,9400.592814541975,0.0,0.009745678732460305,0.007456469,101.38874183210622,,,,0.0,0 days 00:00:00,,,,,,,,,,,,,,,,,,,,,0.0,,,,,,,,,,,,,,,,,,11280.63929661734,0.0,7.962724e-06,2.9912806e-06,90136.84,0.08428337,-233.53503,0.0,0.0,1.0,-5.03063664885061e-13,1.4329108e-12,4.415154e-16,0.0,0.0,0.0,7.48e-16,1.327752721599812e-14,9.298470630990474e-13,769.1828384860942,2.85700338176789e-14,6.865249400772973e-14,0.0,7.962724e-06,2.9912806e-06,90136.84,0.08428337,-233.53503,0.0,0.0,1.0,-5.03063664885061e-13,1.4329108e-12,4.415154e-16,0.0,0.0,0.0,7.48e-16,1.327752721599812e-14,9.298470630990474e-13,769.1828384860942,2.85700338176789e-14,6.865249400772973e-14,0.0
41,41,41,138.5240793539513,39.02489111580133,9425.94,885974.0,,197.68570553491887,0.5326363907260154,34610D,224.11888,57.791332,-10.19772,229.63448647278287,69005.64570524839,0.4084584120073063,0.4844639264139719,34.85773285438321,37.081186086767,0.0,7.629853265533996e-06,28843.43834933314,0.0798019430430976,0.2904811071198601,0.551847119978674,cruise,15,GTF2035_wi,0,43031,1.237,3.16,3.16,13.990123782649473,2.0984118248057926,0.7651649629999625,18.540605481319705,12.587494279997404,24.397976531965234,1510316647296678.5,15.6758876307946,737.141277619305,1064.97970569502,0.000762985326553,0.0149819255927698,0.207389555988637,18.5405930433835,13.8426502457549,13.842544629170556,15.159910967293577,0.4859393424124614,380744450763266.3,0.4844639264139719,0.0010589325112595025,4.444223247674376e-06,3.16,35.8,2023-02-06 01:41:00,7.629853265533996e-06,0.07980201796066537,0.0,41,288.4343834933314,7.629853265533996e-06,57.791332,-10.19772,0.07980201796066537,0.0,0.0,0.4483436628172351,745.8790301386408,11269.288207175503,-0.6484025552118245,-0.7612976595227235,2.2574187312462386,234.5939540439614,0.04924515414555498,0.0,1.0,224.98935812378124,28.117254249628648,50.38899840950893,0.08008331714689318,224.18892,7.693445815877666e-06,9400.745500795247,0.0,0.009684314473630593,0.00791187,100.77799681901786,,,,0.0,0 days 00:00:00,,,,,,,,,,,,,,,,,,,,,0.0,,,,,,,,,,,,,,,,,,11269.288207175503,0.0,7.9357915e-06,2.8104864e-06,90190.08,0.0836205,-234.51695,0.0,0.0,1.0,-5.029165072440716e-13,1.4350524e-12,4.275792e-16,0.0,0.0,0.0,7.48e-16,1.3293345683054236e-14,9.321358847418938e-13,770.465670360726,2.869195920711401e-14,6.870706161517063e-14,0.0,7.9357915e-06,2.8104864e-06,90190.08,0.0836205,-234.51695,0.0,0.0,1.0,-5.029165072440716e-13,1.4350524e-12,4.275792e-16,0.0,0.0,0.0,7.48e-16,1.3293345683054236e-14,9.321358847418938e-13,770.465670360726,2.869195920711401e-14,6.870706161517063e-14,0.0
42,42,42,138.4248598248394,38.95913768771605,9425.94,885974.0,,197.26858841816207,0.534197297948872,34610D,224.17122,58.21426,-9.857409,229.91561653523004,68970.78797239401,0.40842530487714224,0.4899611313301649,35.20489944384506,37.4530541639894,0.0,7.601817875115503e-06,28843.43834933314,0.0790010416352151,0.2933741620320421,0.5579827094853996,cruise,15,GTF2035_wi,0,43031,1.237,3.16,3.16,14.069565783110834,2.1103279131899595,0.7660122940838974,18.72579983691004,12.644901671766798,24.694095904830807,1524293557196490.2,15.7881157090703,738.539891358157,1067.58391325395,0.000760181787512,0.0150432493226764,0.209448574647305,18.7265270819947,13.9230940174327,13.922988177412297,15.15790810362236,0.4895611748425058,385591486440735.4,0.4899611313301649,0.0010658405371524304,4.53718684179292e-06,3.16,35.8,2023-02-06 01:42:00,7.601817875115505e-06,0.07900102604228919,0.0,42,288.4343834933314,7.601817875115505e-06,58.21426,-9.857409,0.07900102604228919,0.0,0.0,0.4482389825317289,748.06467516727,11248.147219671953,-0.6534965126117319,-0.7569295264450346,2.2572923415482484,234.59334810042995,0.04877589001092914,0.0,1.0,224.98712866910898,28.117254249628648,50.213219914334815,0.07927966240811321,224.24353,7.6673895692626e-06,9400.833390042833,0.0,0.009651341918394394,0.008148656,100.42643982866963,,,,0.0,0 days 00:00:00,,,,,,,,,,,,,,,,,,,,,0.0,,,,,,,,,,,,,,,,,,11248.147219671953,0.0,7.926813e-06,2.674113e-06,90242.4,0.083270356,-235.37163,0.0,0.0,1.0,-5.027720072726402e-13,1.4372202e-12,4.1706703e-16,0.0,0.0,0.0,7.48e-16,1.3312893517996983e-14,9.344481903239135e-13,771.750950725095,2.9279276448624124e-14,6.948667961414905e-14,0.0,7.926813e-06,2.674113e-06,90242.4,0.083270356,-235.37163,0.0,0.0,1.0,-5.027720072726402e-13,1.4372202e-12,4.1706703e-16,0.0,0.0,0.0,7.48e-16,1.3312893517996983e-14,9.344481903239135e-13,771.750950725095,2.9279276448624124e-14,6.948667961414905e-14,0.0
43,43,43,138.32648642369628,38.89299299624484,9425.94,885974.0,,196.8514713014054,0.5357628479767076,34610D,224.22746,58.640564,-9.452358,230.49725513073923,68935.58307295016,0.4086153260171952,0.4917458881395551,35.32124659873617,37.5120734187648,0.0,7.547555109106465e-06,28843.43834933314,0.0778992499365211,0.2943437216561347,0.5606773874827142,cruise,15,GTF2035_wi,0,43031,1.237,3.16,3.16,14.098985138558184,2.114741357916412,0.7678538826392306,18.756037501286407,12.6668893823351,24.776484576386625,1528182323500286.5,15.8282356295298,739.193272978994,1068.48410351992,0.000754755510911,0.0150603495409231,0.210120733510244,18.7560367093824,13.9519161184996,13.951810816438591,15.158223457887075,0.4912761329849225,386688861937085.94,0.4917458881395551,0.0010686878678444224,4.567125595616272e-06,3.16,35.8,2023-02-06 01:43:00,7.5475551091064645e-06,0.07789924745907513,0.0,43,288.4343834933314,7.5475551091064645e-06,58.640564,-9.452358,0.07789924745907513,0.0,0.0,0.4481265566924602,750.256820726078,11254.147320328553,-0.6531483078946262,-0.7572300099008137,2.2580175391784025,234.59682446976328,0.048122169208217956,0.0,1.0,224.98794983442383,28.117254249628648,50.012503597017144,0.07820905386966091,224.30191,7.61814581149379e-06,9400.933748201493,0.0,0.009641296044516707,0.008303749,100.02500719403429,,,,0.0,0 days 00:00:00,,,,,,,,,,,,,,,,,,,,,0.0,,,,,,,,,,,,,,,,,,11254.147320328553,0.0,7.931297e-06,2.5683883e-06,90294.22,0.08312196,-236.33884,0.0,0.0,1.0,-5.026291141250192e-13,1.439435e-12,4.0891744e-16,0.0,0.0,0.0,7.48e-16,1.3335394989813604e-14,9.368059647733601e-13,773.0424090167617,2.953877725750707e-14,6.973979525266223e-14,0.0,7.931297e-06,2.5683883e-06,90294.22,0.08312196,-236.33884,0.0,0.0,1.0,-5.026291141250192e-13,1.439435e-12,4.0891744e-16,0.0,0.0,0.0,7.48e-16,1.3335394989813604e-14,9.368059647733601e-13,773.0424090167617,2.953877725750707e-14,6.973979525266223e-14,0.0
44,44,44,138.2281130225532,38.82684830477365,9425.94,885974.0,,196.43435418464864,0.5373239593232519,34610D,224.28522,59.044624,-9.020864,231.07213976470345,68900.26182635143,0.40879138329065545,0.4942072613181534,35.48017232950728,37.622245053181,0.0,7.484694972176892e-06,28843.43834933314,0.0767067247640019,0.295668102745894,0.5640665290087902,cruise,15,GTF2035_wi,0,43031,1.237,3.16,3.16,14.137841985099277,2.1205704803300685,0.7696698528973274,18.811385974291625,12.695625238663066,24.89624907292304,1533835238272754.5,15.8818939479615,739.997367510707,1069.68142813551,0.000748469497218,0.0150846086573642,0.21104109440175,18.8111225265905,13.9904918447269,13.99038713094668,15.15808800901128,0.4934591821498081,388309494897188.0,0.4942072613181534,0.0010723882278569866,4.60780013500272e-06,3.16,35.8,2023-02-06 01:44:00,7.484694972176892e-06,0.07670674614427453,0.0,44,288.4343834933314,7.484694972176892e-06,59.044624,-9.020864,0.07670674614427453,0.0,0.0,0.4480111510053866,752.4427495318238,11260.14121139884,-0.6528008364369731,-0.7575295822257954,2.258689836566427,234.6000463699703,0.04741234598871233,0.0,1.0,224.98834037907287,28.117254249628648,49.75280112187396,0.07705777766724739,224.36139,7.560904564267419e-06,9401.063599439063,0.0,0.009662085764494463,0.008495177,99.50560224374792,,,,0.0,0 days 00:00:00,,,,,,,,,,,,,,,,,,,,,0.0,,,,,,,,,,,,,,,,,,11260.14121139884,0.0,7.942366e-06,2.4728179e-06,90345.84,0.08306649,-237.43965,0.0,0.0,0.9999999999999999,-5.024868670270435e-13,1.4415412e-12,4.0155058e-16,0.0,0.0,0.0,7.479999999999999e-16,1.3357257204266904e-14,9.390543566690017e-13,774.3338673084286,2.9860917133149084e-14,7.008886916594957e-14,0.0,7.942366e-06,2.4728179e-06,90345.84,0.08306649,-237.43965,0.0,0.0,0.9999999999999999,-5.024868670270435e-13,1.4415412e-12,4.0155058e-16,0.0,0.0,0.0,7.479999999999999e-16,1.3357257204266904e-14,9.390543566690017e-13,774.3338673084286,2.9860917133149084e-14,7.008886916594957e-14,0.0
45,45,45,138.1297396214101,38.76070361330245,9425.94,885974.0,,196.0172370678919,0.5388806097303741,34610D,224.34036,59.420277,-8.546932,231.6835557489005,68864.78165402192,0.4089831952984452,0.4972884923549032,35.678988643157545,37.7746198117012,0.0,7.428374938266921e-06,28843.43834933314,0.0756180754517629,0.2973249053596462,0.5680974490128001,cruise,15,GTF2035_wi,0,43031,1.237,3.16,3.16,14.18608769145622,2.127807774140153,0.7716114909190003,18.887372474301785,12.730886604514016,25.04825371339408,1541009896059098.0,15.9482822808194,740.933498764767,1071.14165496799,0.000742837493827,0.0151153431176621,0.212194457910569,18.8873099058506,14.0383487333888,14.038244452045534,15.157964108349436,0.4960006999338492,390483112583106.1,0.4972884923549032,0.0010767878396066367,4.658481016069937e-06,3.16,35.8,2023-02-06 01:45:00,7.42837493826692e-06,0.07561820513342234,0.0,45,288.4343834933314,7.42837493826692e-06,59.420277,-8.546932,0.07561820513342234,0.0,0.0,0.447901035576908,754.6224304196604,11266.128870857494,-0.6524540977677861,-0.7578282459146164,2.259422775053824,234.60355791866243,0.04676479755175355,0.0,1.0,224.98921779494236,28.117254249628648,49.43017030413194,0.07602041888625219,224.41788,7.510950714255224e-06,9401.224914847935,0.0,0.009708905702948982,0.008728641,98.86034060826388,,,,0.0,0 days 00:00:00,,,,,,,,,,,,,,,,,,,,,0.0,,,,,,,,,,,,,,,,,,11266.128870857494,0.0,7.956103e-06,2.3856387e-06,90397.41,0.08317085,-238.22287,0.0,0.0,1.0,-5.023448015403671e-13,1.443397e-12,3.9483049e-16,0.0,0.0,0.0,7.480000000000001e-16,1.337650929140865e-14,9.410522155414708e-13,775.6253256000952,3.023455101240863e-14,7.052585181656627e-14,0.0,7.956103e-06,2.3856387e-06,90397.41,0.08317085,-238.22287,0.0,0.0,1.0,-5.023448015403671e-13,1.443397e-12,3.9483049e-16,0.0,0.0,0.0,7.480000000000001e-16,1.337650929140865e-14,9.410522155414708e-13,775.6253256000952,3.023455101240863e-14,7.052585181656627e-14,0.0
46,46,46,138.031366220267,38.69455892183125,9425.94,885974.0,,195.6001199511352,0.5404327769949029,34610D,224.38486,59.876095,-8.030757,232.3612100115928,68829.10266537877,0.40922354485425244,0.4991363763915805,35.80058739279285,37.8266293805362,0.0,7.4284888692424465e-06,28843.43834933314,0.0752094112825939,0.2983382282732737,0.5708477387517132,cruise,15,GTF2035_wi,0,43031,1.237,3.16,3.16,14.21821342142566,2.132626393373707,0.7737917074397072,18.91428831519381,12.754185242061196,25.12857175760818,1544800928224424.2,15.9909995260487,741.587111674674,1071.99753398629,0.000742848886924,0.0151308640128376,0.212885591295485,18.9133146902681,14.0696255755695,14.06952106028891,15.15851818633622,0.4977829908333637,391520271085095.7,0.4991363763915805,0.0010796906313137009,4.688150614235144e-06,3.16,35.8,2023-02-06 01:46:00,7.428488869242446e-06,0.07520936965802094,0.0,46,288.4343834933314,7.428488869242446e-06,59.876095,-8.030757,0.07520936965802094,0.0,0.0,0.44781220785438175,756.7958323017341,11272.11027674362,-0.6521080914138524,-0.7581260034536361,2.2603419914289207,234.60796051105027,0.04653226076017155,0.0,1.0,224.99238757045197,28.117254249628648,49.29122267718515,0.07559340179892228,224.46487,7.511802173913136e-06,9401.294388661408,0.0,0.00968916338157129,0.008783742,98.5824453543703,,,,0.0,0 days 00:00:00,,,,,,,,,,,,,,,,,,,,,0.0,,,,,,,,,,,,,,,,,,11272.11027674362,0.0,8.046226e-06,2.315878e-06,90448.23,0.08390305,-238.91168,0.0,0.0,1.0,-5.022041964014777e-13,1.4452e-12,3.894531e-16,0.0,0.0,0.0,7.479999999999998e-16,1.3396398635260888e-14,9.429958105153568e-13,776.913508262784,3.049155468110463e-14,7.078792020895504e-14,0.0,8.046226e-06,2.315878e-06,90448.23,0.08390305,-238.91168,0.0,0.0,0.9438270275122331,-5.022041964014777e-13,1.4452e-12,3.894531e-16,0.0,0.0,0.0,7.479999999999998e-16,1.3396398635260888e-14,9.429958105153568e-13,776.913508262784,3.049155468110463e-14,7.078792020895504e-14,0.0
47,47,47,137.93299281912388,38.62841423036006,9425.94,885974.0,,195.1830028343784,0.54198043896895,34610D,224.41942,60.302616,-7.4946294,233.0086743873144,68793.30207798598,0.4094761274089071,0.5009678963464126,35.921192128642275,37.8833025764824,0.0,7.451795426640013e-06,28843.43834933314,0.075127577755646,0.2993432677386856,0.573478586141094,cruise,15,GTF2035_wi,0,43031,1.237,3.16,3.16,14.250362401649626,2.1374481694620715,0.7758880748931157,18.9425873640564,12.777134037210368,25.20775757780898,1548538519127643.0,16.0336067221247,742.207066030124,1072.81719736413,0.000745179542664,0.0151458426744049,0.213572444179276,18.9416512882412,14.1010605200723,14.10095544263702,15.158924908265693,0.4994873705120204,392632570375854.4,0.5009678963464126,0.0010824641414000822,4.717901951453645e-06,3.16,35.8,2023-02-06 01:47:00,7.451795426640012e-06,0.07512757263015801,0.0,47,288.4343834933314,7.451795426640012e-06,60.302616,-7.4946294,0.07512757263015801,0.0,0.0,0.44774324595303006,758.9629241676353,11278.085407145567,-0.6517628168997839,-0.7584228573209398,2.2613088444651543,234.6125895509858,0.04649740838231606,0.0,1.0,224.99646902907458,28.117254249628648,49.128819784183804,0.07548106836053438,224.50195,7.534760893067054e-06,9401.37559010791,0.0,0.0096640560463905,0.008894224,98.25763956836761,,,,0.0,0 days 00:00:00,,,,,,,,,,,,,,,,,,,,,0.0,,,,,,,,,,,,,,,,,,11278.085407145567,0.0,8.191937e-06,2.2539111e-06,90499.914,0.08511932,-239.52827,0.0,0.0,1.0,-5.020598290494636e-13,1.4467849e-12,3.846765e-16,0.0,0.0,0.0,7.479999999999999e-16,1.341410198427385e-14,9.447250374149255e-13,778.2010585231627,3.07383173416873e-14,7.104766783416531e-14,0.0,8.191937e-06,2.2539111e-06,90499.914,0.08511932,-239.52827,0.0,0.0,0.9190000489736612,-5.020598290494636e-13,1.4467849e-12,3.846765e-16,0.0,0.0,0.0,7.479999999999999e-16,1.341410198427385e-14,9.447250374149255e-13,778.2010585231627,3.07383173416873e-14,7.104766783416531e-14,0.0
48,48,48,137.8346194179808,38.562269538888856,9425.94,885974.0,,194.7658857176216,0.5435235735602326,34610D,224.44792,60.69938,-6.958552,233.6299788998322,68757.38088585733,0.4098850196570598,0.4972132352099915,35.688477178733216,37.5368301911828,0.0,7.476156194329488e-06,28843.43834933314,0.0751112657548022,0.2974039764894434,0.5703962830189755,cruise,15,GTF2035_wi,0,43031,1.237,3.16,3.16,14.203414030991611,2.130405917706953,0.7779075301556734,18.768409298035163,12.743760181274885,24.98229709083716,1537896726657673.8,15.9658788347952,741.624326354575,1071.13764350553,0.000747615619433,0.0150977340145268,0.212174346367927,18.7684150955914,14.0533901421085,14.053285077554216,15.160234567959275,0.4978853015012595,388479807814019.7,0.4972132352099915,0.0010790824277693992,4.652723607442581e-06,3.16,35.8,2023-02-06 01:48:00,7.476156194329486e-06,0.07511135586403934,0.0,48,288.4343834933314,7.476156194329486e-06,60.69938,-6.958552,0.07511135586403934,0.0,0.0,0.44768639230738405,761.1236750848516,11284.054240206739,-0.6514182737472095,-0.7587188099870765,2.2628757589594835,234.62008781233257,0.04650036626532374,0.0,1.0,225.00329240487648,28.117254249628648,48.89822017297579,0.07543596157433614,224.53273,7.558711974269026e-06,9401.490889913513,0.0,0.009649760156167702,0.009103108,97.79644034595158,,,,0.0,0 days 00:00:00,,,,,,,,,,,,,,,,,,,,,0.0,,,,,,,,,,,,,,,,,,11284.054240206739,0.0,8.349364e-06,2.1938629e-06,90551.234,0.08678015,-240.06107,0.0,0.0,1.0,-5.019168108835767e-13,1.4481583e-12,3.8004778e-16,0.0,0.0,0.0,7.479999999999999e-16,1.3429187648684209e-14,9.462415295539973e-13,779.4886087835414,3.0461448857672385e-14,7.051517878806916e-14,0.0,8.349364e-06,2.1938629e-06,90551.234,0.08678015,-240.06107,0.0,0.0,0.8845551274283897,-5.019168108835767e-13,1.4481583e-12,3.8004778e-16,0.0,0.0,0.0,7.479999999999999e-16,1.3429187648684209e-14,9.462415295539973e-13,779.4886087835414,3.0461448857672385e-14,7.051517878806916e-14,0.0
49,49,49,137.7362460168377,38.49612484741766,9425.94,885974.0,,194.34876860086487,0.5450621587323874,34610D,224.46928,61.072227,-6.428641,233.87335135906545,68721.6924086786,0.4098871691851951,0.5018864042827015,35.985647783025684,37.85039835429,0.0,7.543239682768161e-06,28843.43834933314,0.0755878990018963,0.2998803981918806,0.5754924333078113,cruise,15,GTF2035_wi,0,43031,1.237,3.16,3.16,14.271749314188032,2.1406547419024355,0.7786808467026566,18.92454950189581,12.79242685935633,25.23076719740716,1549624579039362.2,16.0614130128946,742.732108889526,1073.23001586186,0.000754323968277,0.0151475937611911,0.213919552896132,18.925199177145,14.1223455202637,14.122238992830122,15.15879507791139,0.5009308193274402,392590209008840.9,0.5018864042827015,0.0010847095364799044,4.7311913996311e-06,3.16,35.8,2023-02-06 01:49:00,7.543239682768161e-06,0.07558798881826835,0.0,49,288.4343834933314,7.543239682768161e-06,61.072227,-6.428641,0.07558798881826835,0.0,0.0,0.447643791460891,763.2780541992066,11252.48343935687,-0.6585078470841949,-0.7525738603808524,2.262884132582135,234.62012787085413,0.04680524652901402,0.0,1.0,225.00441773255548,28.117254249628648,48.69064226743998,0.07588798716528064,224.55634,7.626055876366045e-06,9401.59467886628,0.0,0.009638931698743249,0.00938059,97.38128453487997,,,,0.0,0 days 00:00:00,,,,,,,,,,,,,,,,,,,,,0.0,,,,,,,,,,,,,,,,,,11252.48343935687,0.0,8.539621e-06,2.134105e-06,90601.805,0.08908267,-240.55818,0.0,0.0,1.0,-5.017765470120311e-13,1.4493138e-12,3.7544142e-16,0.0,0.0,0.0,7.48e-16,1.3441425251245602e-14,9.475372168009575e-13,780.7759286518931,3.095041073684504e-14,7.117793136449615e-14,0.0,8.539621e-06,2.134105e-06,90601.805,0.08908267,-240.55818,0.0,0.0,0.8498785821652947,-5.017765470120311e-13,1.4493138e-12,3.7544142e-16,0.0,0.0,0.0,7.48e-16,1.3441425251245602e-14,9.475372168009575e-13,780.7759286518931,3.095041073684504e-14,7.117793136449615e-14,0.0
50,50,50,137.63903226510928,38.42944867768989,9425.94,885974.0,,193.9316514841081,0.5466082137417184,34610D,224.4475,61.383022,-5.886513,234.36673574876505,68685.70676089557,0.41007200326724563,0.503960039854757,36.121299804176736,37.9438757053566,0.0,8.111080035230336e-06,28843.43834933314,0.0814944842772865,0.3010108317014728,0.577751393552769,cruise,15,GTF2035_wi,0,43031,1.237,3.16,3.16,14.30855946279221,2.14616786154784,0.7803614701853334,18.971878145015097,12.816729635544162,25.32062238188038,1553865766656571.5,16.1092049076848,743.218890311319,1073.96833276113,0.000811108003523,0.0151627414647626,0.214689013289389,18.9719378526783,14.1589839666075,14.158869122886838,15.158574365230804,0.502269079726707,394152625395790.4,0.503960039854757,0.0010872448349627355,4.762769385631536e-06,3.16,35.8,2023-02-06 01:50:00,8.111080035230336e-06,0.08149447939573388,0.0,50,288.4343834933314,8.111080035230336e-06,61.383022,-5.886513,0.08149447939573388,0.0,0.0,0.4476872300457629,765.4428926825143,11252.256377372207,-0.6593897911421402,-0.7518012392497931,2.2635942398405824,234.62352447165497,0.050451858954209054,0.0,1.0,225.02054948793366,28.117254249628648,48.731956515882764,0.08182012236646553,224.5382,8.203972377308644e-06,9401.574021742059,0.0,0.009500956098919176,0.009417144,97.46391303176553,,,,0.0,0 days 00:00:00,,,,,,,,,,,,,,,,,,,,,0.0,,,,,,,,,,,,,,,,,,11252.256377372207,0.0,9.131414e-06,2.0488399e-06,90654.4,0.095363036,-240.98041,0.0,0.0,1.0,-5.016271813253354e-13,1.449892e-12,3.688689e-16,0.0,0.0,0.0,7.480000000000001e-16,1.3444310521376574e-14,9.482647395844658e-13,782.069860346082,3.11748453095334e-14,7.147201602023354e-14,0.0,9.131414e-06,2.0488399e-06,90654.4,0.095363036,-240.98041,0.0,0.0,0.7713522112221647,-5.016271813253354e-13,1.449892e-12,3.688689e-16,0.0,0.0,0.0,7.480000000000001e-16,1.3444310521376574e-14,9.482647395844658e-13,782.069860346082,3.11748453095334e-14,7.147201602023354e-14,0.0
51,51,51,137.54200991182796,38.36268478824985,9425.94,885974.0,,193.51453436735136,0.5481515861227035,34610D,224.42317,61.661926,-5.3641424,234.8814714230905,68649.5854610914,0.4103031826709603,0.505047553512648,36.19487090032164,37.9638140344872,0.0,8.725359583365815e-06,28843.43834933314,0.0879270189709227,0.3016239241693469,0.5790075230457503,cruise,15,GTF2035_wi,0,43031,1.237,3.16,3.16,14.332112491227326,2.149691820849023,0.782117724151881,18.98211441441789,12.831303556994966,25.35545031191474,1555509653834153.0,16.1377627012957,743.495499433289,1074.25754414341,0.000872535958337,0.0151665831141283,0.215090917583323,18.9819070172436,14.1818968692399,14.181773128169828,15.159004043357816,0.5030295340444682,394776570122206.4,0.505047553512648,0.001088639506635837,4.777524452384114e-06,3.16,35.8,2023-02-06 01:51:00,8.725359583365815e-06,0.08792713116400275,0.0,51,288.4343834933314,8.725359583365815e-06,61.661926,-5.3641424,0.08792713116400275,0.0,0.0,0.4477357643851852,767.6039735241123,11258.12071692481,-0.6590465333627723,-0.7521021651760567,2.2644828386613627,234.6277735099108,0.05442121892559405,0.0,1.0,225.03865514372845,28.117254249628648,48.73399020699726,0.0882833192158562,224.51747,8.829679434801607e-06,9401.573004896502,0.0,0.00936632395817611,0.009510189,97.46798041399452,,,,0.0,0 days 00:00:00,,,,,,,,,,,,,,,,,,,,,0.0,,,,,,,,,,,,,,,,,,11258.12071692481,0.0,9.773818e-06,1.9620484e-06,90705.65,0.10216908,-241.45604,0.0,0.0,1.0,-5.014831031208727e-13,1.4503304e-12,3.6217872e-16,0.0,0.0,0.0,7.480000000000002e-16,1.3445193591386666e-14,9.48847297405122e-13,783.3654943473523,3.1301412639336746e-14,7.162624807720656e-14,0.0,9.773818e-06,1.9620484e-06,90705.65,0.10216908,-241.45604,0.0,0.0,0.8243910271488895,-5.014831031208727e-13,1.4503304e-12,3.6217872e-16,0.0,0.0,0.0,7.480000000000002e-16,1.3445193591386666e-14,9.48847297405122e-13,783.3654943473523,3.1301412639336746e-14,7.162624807720656e-14,0.0
52,52,52,137.44498755854664,38.29592089880982,9425.94,885974.0,,193.0974172505946,0.5496902602027358,34610D,224.39716,61.88486,-4.8414164,235.3479061727332,68613.39059019108,0.4105014111023792,0.5066132520510566,36.29847890106162,38.0243938991648,0.0,9.402112368138468e-06,28843.43834933314,0.0950483205993236,0.3024873241755135,0.5806997600818384,cruise,15,GTF2035_wi,0,43031,1.237,3.16,3.16,14.361945647752494,2.1541568145360688,0.7837162721586588,19.01261250184924,12.850320765811531,25.41799049895828,1558461566608268.5,16.1753290234689,743.85893178568,1074.75768580646,0.000940211236814,0.0151761013777961,0.215670478221764,19.0121969495824,14.2111911915209,14.211057577560684,15.159254803793884,0.5040298683587571,395888033867464.5,0.5066132520510566,0.0010905167652640233,4.800449330684176e-06,3.16,35.8,2023-02-06 01:52:00,9.402112368138466e-06,0.09504832355114262,0.0,52,288.4343834933314,9.402112368138466e-06,61.88486,-4.8414164,0.09504832355114262,0.0,0.0,0.4477876616874133,769.7584740805291,11263.978765639149,-0.6587040030253273,-0.7524021772951017,2.265245629915453,234.63141979434724,0.05881377406226395,0.0,1.0,225.0577862566505,28.117254249628648,48.73392777129117,0.09545130160951612,224.49522,9.52071125849063e-06,9401.573036114354,0.0,0.009221062489584425,0.009648283,97.46785554258234,,,,0.0,0 days 00:00:00,,,,,,,,,,,,,,,,,,,,,0.0,,,,,,,,,,,,,,,,,,11263.978765639149,0.0,1.0492465e-05,1.8760043e-06,90756.81,0.109788746,-241.96692,0.0,0.0,1.0,-5.013392514118885e-13,1.450716e-12,3.5554618e-16,0.0,0.0,0.0,7.48e-16,1.3445442812413189e-14,9.493766647496326e-13,784.6611283486226,3.147014150669225e-14,7.184829669648249e-14,0.0,1.0492465e-05,1.8760043e-06,90756.81,0.109788746,-241.96692,0.0,0.0,0.8975083106844497,-5.013392514118885e-13,1.450716e-12,3.5554618e-16,0.0,0.0,0.0,7.48e-16,1.3445442812413189e-14,9.493766647496326e-13,784.6611283486226,3.147014150669225e-14,7.184829669648249e-14,0.0
53,53,53,137.34796520526533,38.22915700936979,9425.94,885974.0,,192.68030013383785,0.551224213575342,34610D,224.35423,62.02795,-4.3052573,235.8068200353837,68577.09211129001,0.4107667000955673,0.5065067926940283,36.29627275008451,37.966938625287,0.0,1.0249992268297984e-05,28843.43834933314,0.1041645215787955,0.3024689395840376,0.5805345514714411,cruise,15,GTF2035_wi,0,43031,1.237,3.16,3.16,14.369142414594949,2.155224078590591,0.7853195695056829,18.983145586474063,12.85253809328002,25.387032826522432,1557000356576123.2,16.1811405927243,743.832721699732,1074.45961104437,0.00102499922683,0.0151653447648641,0.215626962353801,18.9834693126435,14.2184016055723,14.21825586855958,15.159171670059896,0.5039567376477967,395432631082030.5,0.5065067926940283,0.0010905437478703835,4.794237094114585e-06,3.16,35.8,2023-02-06 01:53:00,1.0249992268297984e-05,0.1041645815033236,0.0,53,288.4343834933314,1.0249992268297984e-05,62.02795,-4.3052573,0.1041645815033236,0.0,0.0,0.4478733454934028,771.9063629795039,11269.830501527811,-0.6583621997052711,-0.7527012780640385,2.266267163023595,234.63630121238793,0.06442758221564711,0.0,1.0,225.0825216400931,28.117254249628648,48.873687842429476,0.1047133204533452,224.45695,1.039576346380098e-05,9401.503156078787,0.0,0.009011338399416502,0.00968877,97.74737568485895,,,,0.0,0 days 00:00:00,,,,,,,,,,,,,,,,,,,,,0.0,,,,,,,,,,,,,,,,,,11269.830501527811,0.0,1.1410684e-05,1.7919286e-06,90808.7,0.119452916,-242.62447,0.0,0.0,0.9999999999999999,-5.011919653220215e-13,1.4509598e-12,3.4906535e-16,0.0,0.0,0.0,7.48e-16,1.344404667482047e-14,9.497677945798704e-13,785.9555154569096,3.1477269745454933e-14,7.183319854530125e-14,0.0,1.1410684e-05,1.7919286e-06,90808.7,0.119452916,-242.62447,0.0,0.0,0.9103197718488932,-5.011919653220215e-13,1.4509598e-12,3.4906535e-16,0.0,0.0,0.0,7.48e-16,1.344404667482047e-14,9.497677945798704e-13,785.9555154569096,3.1477269745454933e-14,7.183319854530125e-14,0.0
54,54,54,137.250942851984,38.16239311992976,9425.94,885974.0,,192.26318301708108,0.5527534238936986,34610D,224.28102,62.081352,-3.7385168,236.1517826161691,68540.79583853993,0.41095605962668824,0.5070455086792915,36.33487425841058,37.9692955168238,0.0,1.1400989016528187e-05,28843.43834933314,0.1169028405385634,0.3027906188200882,0.580664700461692,cruise,15,GTF2035_wi,0,43031,1.237,3.16,3.16,14.3858947206378,2.157720194667967,0.7865968080785823,18.9846372503347,12.860467261940544,25.3913527903307,1557204259969320.0,16.1986877561341,743.828107803352,1074.35702450502,0.00114009890165,0.0151617130164775,0.215819500471136,18.9846477584119,14.2345063672283,14.23434408162777,15.159690308833213,0.5039439416002877,395784118782501.0,0.5070455086792915,0.0010907939381845147,4.79837765216877e-06,3.16,35.8,2023-02-06 01:54:00,1.1400989016528187e-05,0.11690281856576545,0.0,54,288.4343834933314,1.1400989016528187e-05,62.081352,-3.7385168,0.11690281856576545,0.0,0.0,0.44801954068916017,774.0476089323347,11275.675902668876,-0.6580211229744797,-0.752999469933017,2.2669979489310372,234.63979209464708,0.07225451360756498,0.0,1.0,225.11415299831856,28.117254249628648,49.34675162066253,0.11780097489426837,224.39023,1.1599759971797246e-05,9401.26662418967,0.0,0.008676085162861683,0.009476715,98.69350324132506,,,,0.0,0 days 00:00:00,,,,,,,,,,,,,,,,,,,,,0.0,,,,,,,,,,,,,,,,,,11275.675902668876,0.0,1.268799e-05,1.7122514e-06,90861.19,0.13234544,-243.56992,0.0,0.0,1.0000000000000002,-5.010411190957841e-13,1.45107e-12,3.4292357e-16,0.0,0.0,0.0,7.479999999999999e-16,1.3441297837018048e-14,9.50028790533982e-13,787.2471554331981,3.1526638945166e-14,7.190959967730407e-14,0.0,1.268799e-05,1.7122514e-06,90861.19,0.13234544,-243.56992,0.0,0.0,0.9231312330133373,-5.010411190957841e-13,1.45107e-12,3.4292357e-16,0.0,0.0,0.0,7.479999999999999e-16,1.3441297837018048e-14,9.50028790533982e-13,787.2471554331981,3.1526638945166e-14,7.190959967730407e-14,0.0
55,55,55,137.15392049870266,38.09562923048973,9425.94,885974.0,,191.8460659003244,0.5542778688709287,34610D,224.21597,62.080387,-3.169615,236.4512642696992,68504.46096428152,0.41117245248469986,0.5057400902663758,36.25606305720121,37.8434908137106,0.0,1.262050059826919e-05,28843.43834933314,0.130440742063724,0.3021338588100101,0.5789696278892799,cruise,15,GTF2035_wi,0,43031,1.237,3.16,3.16,14.375513332415087,2.1561455736876507,0.7877086117155474,18.92160710787699,12.84954763516575,25.298477335964883,1552820514843112.2,16.1790109252377,743.450789008564,1073.48895445394,0.00126205005983,0.0151388812410686,0.215327210853656,18.9217454068553,14.2234559756978,14.223276470828589,15.160536905679944,0.5029066160608207,394424972610013.1,0.5057400902663758,0.0010890555086564072,4.7721061722127446e-06,3.16,35.8,2023-02-06 01:55:00,1.2620500598269185e-05,0.13044094876412723,0.0,55,288.4343834933314,1.2620500598269185e-05,62.080387,-3.169615,0.13044094876412723,0.0,0.0,0.44814952104302097,776.1821807342973,11281.514947174446,-0.6576807724038255,-0.7532967553430105,2.267833451288461,234.64378197634284,0.08057066690197802,0.0,1.0,225.148220858657,28.117254249628648,49.874987479376934,0.13172099163361056,224.3322,1.287831942051939e-05,9401.002506260313,0.0,0.008320991590275923,0.009267046,99.74997495875387,,,,0.0,0 days 00:00:00,,,,,,,,,,,,,,,,,,,,,0.0,,,,,,,,,,,,,,,,,,11281.514947174446,0.0,1.4062697e-05,1.6571786e-06,90913.914,0.1463071,-244.59111,0.0,0.0,1.0,-5.008892022355063e-13,1.4515392e-12,3.3867837e-16,0.0,0.0,0.0,7.480000000000001e-16,1.3445128653383295e-14,9.506500229315295e-13,788.5387954094863,3.1415885921451355e-14,7.172446419364964e-14,0.0,1.4062697e-05,1.6571786e-06,90913.914,0.1463071,-244.59111,0.0,0.0,0.9359426941777811,-5.008892022355063e-13,1.4515392e-12,3.3867837e-16,0.0,0.0,0.0,7.480000000000001e-16,1.3445128653383295e-14,9.506500229315295e-13,788.5387954094863,3.1415885921451355e-14,7.172446419364964e-14,0.0
56,56,56,137.05689814542134,38.0288653410497,9425.94,885974.0,,191.4289487835676,0.5557975262804603,34610D,224.15291,62.06285,-2.6248574,236.59893558133143,68468.20490122432,0.4113131202472663,0.5044085224023453,36.174612046992976,37.733199441643,0.0,1.3881143587297136e-05,28843.43834933314,0.1445818460350145,0.3014551003916081,0.5771613987562105,cruise,15,GTF2035_wi,0,43031,1.237,3.16,3.16,14.362580830593007,2.154187755542157,0.7883114000781581,18.86647969189955,12.83727056089846,25.21092483806915,1548688014619469.0,16.1568241096288,743.038819147191,1072.64546631659,0.00138811435873,0.0151178465614337,0.21482526944518,18.8665997208215,14.2100443057286,14.209847056801252,15.161211769963096,0.5017740277440025,393172631842576.8,0.5044085224023453,0.0010871799559939279,4.746233721603357e-06,3.16,35.8,2023-02-06 01:56:00,1.3881143587297139e-05,0.14458183692123286,0.0,56,288.4343834933314,1.3881143587297139e-05,62.06285,-2.6248574,0.14458183692123286,0.0,0.0,0.4482755970720896,778.3100472651446,11273.185953161907,-0.6601190135320333,-0.7511610266603927,2.2683778206002514,234.6463808735552,0.08925000533198843,0.0,1.0,225.18257987855281,28.117254249628648,50.44643394356493,0.14626354970825833,224.2764,1.4202325702866787e-05,9400.716783028218,0.0,0.007965405074802732,0.00906735,100.89286788712985,,,,0.0,0 days 00:00:00,,,,,,,,,,,,,,,,,,,,,0.0,,,,,,,,,,,,,,,,,,11273.185953161907,0.0,1.5492236e-05,1.6125011e-06,90965.695,0.16099784,-245.76585,0.0,0.0,1.0,-5.007409196555864e-13,1.4520539e-12,3.3523446e-16,0.0,0.0,0.0,7.480000000000002e-16,1.3450303012680413e-14,9.513129653570148e-13,789.8304353857748,3.130102206563464e-14,7.153562017391856e-14,0.0,1.5492236e-05,1.6125011e-06,90965.695,0.16099784,-245.76585,0.0,0.0,0.9487541553422248,-5.007409196555864e-13,1.4520539e-12,3.3523446e-16,0.0,0.0,0.0,7.480000000000002e-16,1.3450303012680413e-14,9.513129653570148e-13,789.8304353857748,3.130102206563464e-14,7.153562017391856e-14,0.0
57,57,57,136.96031051364636,37.96190390731812,9425.94,885974.0,,191.0118316668108,0.5573167700627372,34610D,224.06126,62.063763,-2.0828707,236.6326680356982,68432.03028917732,0.4112829710102345,0.5090086770187119,36.46842165617638,38.0691037312866,0.0,1.5217312117538065e-05,28843.43834933314,0.16028746708151,0.3039035138014698,0.580995755829492,cruise,15,GTF2035_wi,0,43031,1.237,3.16,3.16,14.4340019252456,2.164880642074438,0.7885850399499387,19.03389935014706,12.883628592333348,25.44554273424406,1559762039138657.8,16.2524463457087,743.77448047526,1074.29650351711,0.00152173121175,0.0151606893160162,0.216527215581674,19.0345518656433,14.2821484609495,14.28193112834588,15.15970043001334,0.503796509249152,397602492103657.94,0.5090086770187119,0.0010916261520200845,4.81902326482894e-06,3.16,35.8,2023-02-06 01:57:00,1.5217312117538065e-05,0.16028771392690966,0.0,57,288.4343834933314,1.5217312117538065e-05,62.063763,-2.0828707,0.16028771392690966,0.0,0.0,0.44845895968672295,780.4373335676306,11250.508555581375,-0.6654361207490869,-0.7464548005086489,2.2682642671398883,234.64583879857824,0.09885634622604206,0.0,1.0,225.21777123053147,28.117254249628648,51.27861630223011,0.16239014168590638,224.19174,1.5604832752473764e-05,9400.300691848886,0.0,0.007576353024589934,0.008608643,102.55723260446022,,,,0.0,0 days 00:00:00,,,,,,,,,,,,,,,,,,,,,0.0,,,,,,,,,,,,,,,,,,11250.508555581375,0.0,1.6957194e-05,1.5938004e-06,91018.305,0.17556065,-246.97034,0.0,0.0,1.0,-5.005885407487322e-13,1.4521806e-12,3.3379295e-16,0.0,0.0,0.0,7.479999999999999e-16,1.3452490395935503e-14,9.515921113102283e-13,791.1236040707618,3.172496858592488e-14,7.218801778173534e-14,0.0,1.6957194e-05,1.5938004e-06,91018.305,0.17556065,-246.97034,0.0,0.0,0.9615656165066686,-5.005885407487322e-13,1.4521806e-12,3.3379295e-16,0.0,0.0,0.0,7.479999999999999e-16,1.3452490395935503e-14,9.515921113102283e-13,791.1236040707618,3.172496858592488e-14,7.218801778173534e-14,0.0
58,58,58,136.86460883328712,37.894539883325365,9425.94,885974.0,,190.59471455005405,0.5588400852607861,34610D,223.95152,62.093616,-1.5235974,236.9589933839992,68395.56186752114,0.41144238282205864,0.5104865780444083,36.56700756961685,38.14183621454,0.0,1.659233808579932e-05,28843.43834933314,0.1771373741699444,0.3047250630801404,0.5817181294623904,cruise,15,GTF2035_wi,0,43031,1.237,3.16,3.16,14.465841159057096,2.169636151731358,0.7898659628075823,19.071262484899176,12.90086231595475,25.495564479857173,1562123078285472.5,16.2895785377987,743.861532053245,1074.47144245602,0.00165923380858,0.0151650769164555,0.217065402568017,19.07091810727,14.3135048878309,14.313267397259134,15.159876372592873,0.5040371235587625,398936764473161.7,0.5104865780444083,0.001092601795073743,4.837486611257895e-06,3.16,35.8,2023-02-06 01:58:00,1.6592338085799316e-05,0.1771376531057961,0.0,58,288.4343834933314,1.6592338085799316e-05,62.093616,-1.5235974,0.1771376531057961,0.0,0.0,0.44867871209669113,782.5703202609608,11256.243579805394,-0.6650973111786903,-0.746756698438572,2.268881321217286,234.64878416671644,0.10913097894318778,0.0,1.0,225.25894325265332,28.117254249628648,52.294449262704504,0.17965241904460438,224.0888,1.704616840858889e-05,9399.792775368649,0.0,0.007153752200334224,0.007964207,104.58889852540901,,,,0.0,0 days 00:00:00,,,,,,,,,,,,,,,,,,,,,0.0,,,,,,,,,,,,,,,,,,11256.243579805394,0.0,1.8408311e-05,1.5912027e-06,91071.57,0.18918245,-248.13245,0.0,0.0,0.9999999999999999,-5.004330778738157e-13,1.4521713e-12,3.335927e-16,0.0,0.0,0.0,7.48e-16,1.3454190042224937e-14,9.517382562180174e-13,792.4227997428424,3.185040907356647e-14,7.239761488752043e-14,0.0,1.8408311e-05,1.5912027e-06,91071.57,0.18918245,-248.13245,0.0,0.0,0.9743770776711123,-5.004330778738157e-13,1.4521713e-12,3.335927e-16,0.0,0.0,0.0,7.48e-16,1.3454190042224937e-14,9.517382562180174e-13,792.4227997428424,3.185040907356647e-14,7.239761488752043e-14,0.0
59,59,59,136.76890715292788,37.82717585933261,9425.94,885974.0,,190.1775974332973,0.5603584620124272,34610D,223.84576,62.142563,-0.9683189,237.2997387942993,68358.99485995153,0.41162407170180715,0.5124963241190856,36.699977442275696,38.2538981892648,0.0,1.797374511873882e-05,28843.43834933314,0.1943910280614695,0.3058331453522974,0.5830301934313277,cruise,15,GTF2035_wi,0,43031,1.237,3.16,3.16,14.505415069919092,2.175551543854555,0.7911885883329809,19.127167238457577,12.92357141655632,25.574681478614696,1565857420799021.5,16.3379987011987,744.094423455212,1074.89741333215,0.00179737451187,0.0151750254303287,0.217805210109746,19.1269490946324,14.3528728244793,14.352614854238125,15.159673245556696,0.5046869311876339,400708775318523.6,0.5124963241190856,0.0010943169571255996,4.865175798426243e-06,3.16,35.8,2023-02-06 01:59:00,1.797374511873882e-05,0.19439112812544912,0.0,59,288.4343834933314,1.797374511873882e-05,62.142563,-0.9683189,0.19439112812544912,0.0,0.0,0.4488906985135495,784.6963904060074,11261.972255186725,-0.6647592235438835,-0.747057678304248,2.269584649814382,234.65214048286032,0.11963643092896784,0.0,1.0,225.30170794662124,28.117254249628648,53.363788756612806,0.19730253301570833,223.99005,1.8494261799138093e-05,9399.258105621695,0.0,0.006730056987180433,0.007354947,106.72757751322561,,,,0.0,0 days 00:00:00,,,,,,,,,,,,,,,,,,,,,0.0,,,,,,,,,,,,,,,,,,11261.972255186725,0.0,1.984427e-05,1.593427e-06,91123.62,0.20235537,-249.38976,0.0,0.0,1.0,-5.00282349104992e-13,1.4522698e-12,3.3376417e-16,0.0,0.0,0.0,7.479999999999999e-16,1.3457601821205124e-14,9.519875117982881e-13,793.721995414923,3.203438460514177e-14,7.268263868362801e-14,0.0,1.984427e-05,1.593427e-06,91123.62,0.20235537,-249.38976,0.0,0.0,0.9871885388355561,-5.00282349104992e-13,1.4522698e-12,3.3376417e-16,0.0,0.0,0.0,7.479999999999999e-16,1.3457601821205124e-14,9.519875117982881e-13,793.721995414923,3.203438460514177e-14,7.268263868362801e-14,0.0
60,60,60,136.67320547256867,37.75981183533987,9425.94,885974.0,,189.7604803165405,0.5618718777543101,34610D,223.74965,62.188457,-0.3893261,237.6836661713733,68322.29488250925,0.41179357176701187,0.5154372459807761,36.892287433197765,38.4270868444744,0.0,1.9397058289598853e-05,28843.43834933314,0.2122748269362468,0.3074357286099813,0.5853984559916138,cruise,15,GTF2035_wi,0,43031,1.237,3.16,3.16,14.55795725856948,2.1834112072399,0.7926388257671901,19.213766575038207,12.9558022896957,25.70357691339233,1571941318184559.8,16.4047182522744,744.559404469824,1075.75826046205,0.00193970582896,0.0151954276600735,0.218891003302411,19.2135434222372,14.4050571131706,14.40477770285785,15.159488487763443,0.5059843093133322,403295770953445.8,0.5154372459807761,0.0010971409067157163,4.908984138806183e-06,3.16,35.8,2023-02-06 02:00:00,1.9397058289598853e-05,0.21227496061065734,0.0,60,288.4343834933314,1.9397058289598853e-05,62.188457,-0.3893261,0.21227496061065734,0.0,0.0,0.4490835161784448,786.8155124111184,11267.694559763408,-0.6644218574657772,-0.747357742531464,2.2702414500565107,234.65527393298422,0.13051990330273108,0.0,1.0,225.34608323411965,28.117254249628648,54.515499331592856,0.21555756249381047,223.90126,1.9984878879997612e-05,9398.682250334205,0.0,0.006299919391000799,0.006759006,109.03099866318571,,,,0.0,0 days 00:00:00,,,,,,,,,,,,,,,,,,,,,0.0,,,,,,,,,,,,,,,,,,11267.694559763408,0.0,2.1204518e-05,1.6079144e-06,91176.03,0.21472207,-250.50803,0.0,0.0,1.0,-5.001300635344432e-13,1.4527621e-12,3.348809e-16,0.0,0.0,0.0,7.480000000000001e-16,1.3467097085261868e-14,9.526320136992484e-13,795.0211910870033,3.232322075804216e-14,7.309972257479047e-14,0.0,2.1204518e-05,1.6079144e-06,91176.03,0.21472207,-250.50803,0.0,0.0,1.0,-5.001300635344432e-13,1.4527621e-12,3.348809e-16,0.0,0.0,0.0,7.480000000000001e-16,1.3467097085261868e-14,9.526320136992484e-13,795.0211910870033,3.232322075804216e-14,7.309972257479047e-14,0.0
61,61,61,136.57750379220943,37.69244781134712,9425.94,885974.0,,189.3433631997838,0.5633803099872251,34610D,223.65138,62.42451,0.08325366,238.1558948746696,68285.40259507606,0.4120738951010907,0.5158732681788568,36.9255191184628,38.409462511106,0.0,2.1958572597576503e-05,28843.43834933314,0.2432269838791174,0.3077126593205233,0.5852733094567661,cruise,15,GTF2035_wi,0,43031,1.237,3.16,3.16,14.57655627834014,2.1861633613817606,0.7943881023424159,19.20449816361248,12.963328896536396,25.692211013041184,1571404844790060.8,16.4235317555122,744.493105725528,1075.47643533284,0.00219585725976,0.0151862591274982,0.219041295471475,19.204731255553,14.4236505931109,14.423333877286856,15.15932513112633,0.5057993242539257,403450800115808.7,0.5158732681788568,0.0010972727732987174,4.909107847890424e-06,3.16,35.8,2023-02-06 02:01:00,2.1958572597576506e-05,0.24322698256528225,0.0,61,288.4343834933314,2.1958572597576506e-05,62.42451,0.08325366,0.24322698256528225,0.0,0.0,0.44928083862347,788.9276547744901,11273.410471617344,-0.6640852125638873,-0.7476568935373877,2.2713289200812867,234.66046025191187,0.1494072071686762,0.0,1.0,225.42381670539115,28.117254249628648,55.30420799619303,0.2465208477602406,223.80272,2.2579458282194954e-05,9398.287896001904,0.0,0.006147165328977166,0.006081388,110.60841599238606,,,,0.0,0 days 00:00:00,,,,,,,,,,,,,,,,,,,,,0.0,,,,,,,,,,,,,,,,,,11273.410471617344,0.0,2.2583119e-05,1.6590733e-06,91226.734,0.23367555,-251.09737,0.0,0.0,0.9999999999999999,-4.999831688706129e-13,1.4523063e-12,3.388244e-16,0.0,0.0,0.0,7.48e-16,1.3467025184785545e-14,9.523231377279795e-13,796.3169014767628,3.234396166500876e-14,7.316155959174002e-14,0.0,2.2583119e-05,1.6590733e-06,91226.734,0.23367555,-251.09737,0.0,0.0,0.9999999999999999,-4.999831688706129e-13,1.4523063e-12,3.388244e-16,0.0,0.0,0.0,7.48e-16,1.3467025184785545e-14,9.523231377279795e-13,796.3169014767628,3.234396166500876e-14,7.316155959174002e-14,0.0
62,62,62,136.4818021118502,37.62508378735436,9425.94,885974.0,,188.92624608302705,0.5648837362764378,34610D,223.55962,62.707626,0.5581727,238.52924614792147,68248.47707595759,0.4122023067167099,0.5200636280126498,37.19800175084469,38.6728966312566,0.0,2.481902318435961e-05,28843.43834933314,0.2780315159779786,0.3099833479237057,0.588937251463827,cruise,15,GTF2035_wi,0,43031,1.237,3.16,3.16,14.646172818339558,2.196562419048193,0.7957967559970492,19.33658322827369,13.007586005429886,25.889625750047827,1580722870710943.0,16.5141371656394,745.228644636633,1076.89996391582,0.00248190231844,0.015221005722784,0.22059133468433,19.3364483156283,14.4925597363209,14.492200054071764,15.159341529239208,0.5078516060974412,407221310204178.3,0.5200636280126498,0.0011013933127036793,4.9746359477527606e-06,3.16,35.8,2023-02-06 02:02:00,2.481902318435962e-05,0.27803135494579495,0.0,62,288.4343834933314,2.481902318435962e-05,62.707626,0.5581727,0.27803135494579495,5.033119e-06,1.9276351e-10,0.4494652458511799,791.0327860846363,11279.119968882189,-0.6637492884542199,-0.7479551337323094,2.2718307248674137,234.66285269887499,0.1706330444593356,0.0,1.0,225.50953042275364,28.117254249628648,55.94296056988478,0.28138256321404675,223.7089,2.547600592221992e-05,9397.968519715057,0.0,0.006050712364142612,0.0055315504,111.88592113976956,,,,0.0,0 days 00:00:00,,,,,,,,,,,,,,,,,,,,,0.0,,,,,,,,,,,,,,,,,,11279.119968882189,0.0,2.409653e-05,1.7102468e-06,91275.75,0.25524688,-251.61551,0.0,0.0,1.0,-4.998427159061471e-13,1.4517597e-12,3.4276903e-16,0.0,0.0,0.0,7.48e-16,1.346569010748434e-14,9.51917006522201e-13,797.6120176751111,3.271517537747553e-14,7.375583977565641e-14,0.0,2.409653e-05,1.7102468e-06,91275.75,0.25524688,-251.61551,0.0,0.0,1.0,-4.998427159061471e-13,1.4517597e-12,3.4276903e-16,0.0,0.0,0.0,7.48e-16,1.346569010748434e-14,9.51917006522201e-13,797.6120176751111,3.271517537747553e-14,7.375583977565641e-14,0.0
63,63,63,136.38610043149097,37.55771976336161,9425.94,885974.0,,188.50912896627028,0.5663821342520254,34610D,223.47745,62.989445,1.0774173,239.0678512654512,68211.27907420674,0.4129242964199533,0.5019740069092227,36.058047201898006,37.3088555562612,0.0,2.78122903171918e-05,28843.43834933314,0.3147304215342638,0.3004837266824833,0.5704452343274009,cruise,15,GTF2035_wi,0,43031,1.237,3.16,3.16,14.402886725936572,2.160032431623458,0.7977402905395926,18.65482871690873,12.830735304123388,24.88006360272944,1533071279952862.0,16.1649758143531,741.310220734887,1068.6119436476,0.00278122903172,0.0150110300089794,0.213851867574993,18.6544277781306,14.2463153725674,14.24591916092786,15.165245701999932,0.4970234684639528,390029662008963.8,0.5019740069092227,0.0010810530488653022,4.662979229905026e-06,3.16,35.8,2023-02-06 02:03:00,2.78122903171918e-05,0.3147302086777782,0.0,63,288.4343834933314,2.78122903171918e-05,62.989445,1.0774173,0.3147302086777782,4.765418e-05,1.8251082e-09,0.4496305088754877,793.1308750208595,11284.823029758123,-0.6634140847506177,-0.7482524655184907,2.2746305103789886,234.6761926203017,0.19300039677430356,0.0,1.0,225.61151290939304,28.117254249628648,56.38337683267642,0.31824450961405304,223.62392,2.8513085792971227e-05,9397.748311583662,0.0,0.005970896516960238,0.005151586,112.76675366535284,,,,0.0,0 days 00:00:00,,,,,,,,,,,,,,,,,,,,,0.0,,,,,,,,,,,,,,,,,,11284.823029758123,0.0,2.576576e-05,1.7538586e-06,91324.336,0.27777305,-252.03146,0.0,0.0,1.0,-4.99703851888327e-13,1.4514471e-12,3.4613075e-16,0.0,0.0,0.0,7.48e-16,1.3466793600717076e-14,9.517432955538535e-13,798.9071338734587,3.0988411306776745e-14,7.11903552390715e-14,0.0,2.576576e-05,1.7538586e-06,91324.336,0.27777305,-252.03146,0.0,0.0,1.0,-4.99703851888327e-13,1.4514471e-12,3.4613075e-16,0.0,0.0,0.0,7.48e-16,1.3466793600717076e-14,9.517432955538535e-13,798.9071338734587,3.0988411306776745e-14,7.11903552390715e-14,0.0
64,64,64,136.2903987511317,37.49035573936887,9425.94,885974.0,,188.0920118495135,0.5678754816092157,34610D,223.40376,63.29676,1.5988984,238.3060846365735,68175.22102700485,0.41239077337639046,0.5112900891653663,36.64109797369042,38.0734842003982,24.615921942520828,3.157173721512138e-05,28843.43834933314,0.3605301448158068,0.3053424831140868,0.578498785141512,cruise,15,GTF2035_wi,0,43031,1.237,3.16,3.16,14.529430620556465,2.178955873718032,0.795329492768658,19.0368697620408,12.917375163817988,25.400873152479743,1557653623490129.5,16.3443945168476,742.896274308784,1072.52874755405,0.00315717372151,0.0151162458857528,0.217311429869426,19.0367421001991,14.3760184580118,14.375564596464042,15.1605157532516,0.5013821432064673,399538295386323.7,0.5112900891653663,0.0010902167543648692,4.819292907843031e-06,3.16,35.8,2023-02-06 02:04:00,3.157173721512138e-05,0.36053061961961763,0.0,64,288.4343834933314,3.157173721512138e-05,63.29676,1.5988984,0.36053061961961763,0.00017770585,6.4954797e-09,0.4497788200417771,795.2218903537248,11254.306598822568,-0.678077489030381,-0.7349904209377518,2.2725726161345476,234.66638894624882,0.22092682085365722,0.0,1.0,225.71735127582642,28.117254249628648,56.69720985436298,0.36457506304730286,223.54639,3.235322744323195e-05,9397.591395072819,0.0,0.005948910663671256,0.0049969037,113.39441970872596,,,,0.0,0 days 00:00:00,,,,,,,,,,,,,,,,,,,,,0.0,,,,,,,,,,,,,,,,,,11254.306598822568,0.0,2.8126327e-05,1.786164e-06,91371.43,0.30572176,-252.37758,0.0,0.0,1.0,-4.995706859750028e-13,1.4511105e-12,3.4862097e-16,0.0,0.0,0.0,7.479999999999999e-16,1.3466639129583883e-14,9.515398579765316e-13,800.2016624984176,3.182427081109422e-14,7.251156947750358e-14,0.0,2.8126327e-05,1.786164e-06,91371.43,0.30572176,-252.37758,0.0,0.0,1.0,-4.995706859750028e-13,1.4511105e-12,3.4862097e-16,0.0,0.0,0.0,7.479999999999999e-16,1.3466639129583883e-14,9.515398579765316e-13,800.2016624984176,3.182427081109422e-14,7.251156947750358e-14,0.0
65,65,65,136.19673355765963,37.42169137728416,9433.56,885974.0,,187.6748947327568,0.5693889108417582,34610D,223.33905,63.66479,2.0722814,238.06150962322693,68138.57992903116,0.412557943742235,0.5036259823272938,36.15689858912823,37.556519415748,-24.61279763106661,3.839802740485365e-05,28810.358425543698,0.4414868528202692,0.3013074882427353,0.5707534435994279,cruise,15,GTF2035_wi,0,43031,1.237,3.16,3.16,14.414915881234956,2.161683877850197,0.7946283280140015,18.77824807214917,12.836854928330606,25.02494824475372,1539909871997156.0,16.1860706299702,741.210011339267,1069.30319306829,0.00383980274049,0.0150388596676478,0.214458103075829,18.778259707874,14.2602635981224,14.259716053154603,15.16321513526668,0.4967514083655512,392746448441530.2,0.5036259823272938,0.0010811863010409095,4.692811102796634e-06,3.16,35.8,2023-02-06 02:05:00,3.839802740485364e-05,0.4414870561364395,0.0,65,288.103584255437,3.839802740485364e-05,63.66479,2.0722814,0.4414870561364395,0.00072474324,2.5707042e-08,0.4493931472531232,797.3410262551084,11200.234645126615,-0.682516890694541,-0.7308698200888145,2.2706255920904037,234.65710621890108,0.270364087593566,0.0,1.0,225.91989064830133,28.117254249628648,56.2627021216651,0.4476640748195632,223.47272,3.941453351923113e-05,9405.428648939167,0.0,0.006227487240086873,0.0049548442,112.5254042433302,,,,0.0,0 days 00:00:00,,,,,,,,,,,,,,,,,,,,,0.0,,,,,,,,,,,,,,,,,,11200.234645126615,0.0,3.333327e-05,1.8118033e-06,91493.75,0.35744262,-251.72054,0.0,0.0,1.0,-4.991356997176642e-13,1.4516951e-12,3.5059734e-16,0.0,0.0,0.0,7.48e-16,1.3481869052957964e-14,9.52559363051663e-13,801.5175951699282,3.1120886703579925e-14,7.142463971444267e-14,0.0,3.333327e-05,1.8118033e-06,91493.75,0.35744262,-251.72054,0.0,0.0,1.0,-4.991356997176642e-13,1.4516951e-12,3.5059734e-16,0.0,0.0,0.0,7.48e-16,1.3481869052957964e-14,9.52559363051663e-13,801.5175951699282,3.1120886703579925e-14,7.142463971444267e-14,0.0
66,66,66,136.1041259765625,37.35291044590837,9425.94,885974.0,TVJ571,187.257777616,0.5709025485530409,34610D,223.34703,63.984196,2.5942667,238.0426390782278,68102.42303044203,0.41239818728775157,0.507868761000786,36.424185816037365,37.8612484287302,0.0,4.577997709817896e-05,28843.43834933314,0.5264484487699115,0.3035348818003114,0.5743772484510312,cruise,15,GTF2035_wi,0,43031,1.237,3.16,3.16,14.481321090669018,2.1715352090524704,0.7945511758335915,18.930230343146068,12.878138083573132,25.21946850788501,1549091278013128.2,16.2754967766971,741.97534200636,1070.89989890088,0.00457799770982,0.0150784913227761,0.216037123476394,18.9306242143651,14.3275025897365,14.326846707022366,15.161683070859535,0.498850314390569,396689566745504.0,0.507868761000786,0.0010854603805641443,4.760463362616892e-06,3.16,35.8,2023-02-06 02:06:00,4.577997709817895e-05,0.5264483208267579,0.0,66,288.4343834933314,4.577997709817895e-05,63.984196,2.5942667,0.5264483208267579,0.0014267537,5.181552e-08,0.4498930635688165,799.4604530961709,11266.957778942888,-0.6819167865363299,-0.7314297616586062,2.2726291404070147,234.66665832905568,0.322419067217169,0.0,1.0,226.16277911806705,28.117254249628648,55.457803095425106,0.534826960056594,223.47162,4.7031350291018574e-05,9398.211098452288,0.0,0.006411781004049999,0.005300804,110.91560619085021,,,,0.0,0 days 00:00:00,,,,,,,,,,,,,,,,,,,,,0.0,,,,,,,,,,,,,,,,,,11266.957778942888,0.0,3.9082246e-05,1.8181744e-06,91462.13,0.4142906,-251.08502,0.0,0.0,1.0000000000000002,-4.993177231136619e-13,1.4507627e-12,3.5108843e-16,0.0,0.0,0.0,7.479999999999999e-16,1.3467873468397294e-14,9.514450021585305e-13,802.835761858241,3.1470266163163705e-14,7.202635398014028e-14,0.0,3.9082246e-05,1.8181744e-06,91462.13,0.4142906,-251.08502,0.0,0.0,1.0000000000000002,-4.993177231136619e-13,1.4507627e-12,3.5108843e-16,0.0,0.0,0.0,7.479999999999999e-16,1.3467873468397294e-14,9.514450021585305e-13,802.835761858241,3.1470266163163705e-14,7.202635398014028e-14,0.0
67,67,67,136.01098102072012,37.283780372748936,9425.94,885974.0,TVJ571,184.685555396,0.572413653908569,34610D,223.31479,64.31687,3.1237528,237.98639598033856,68065.998844626,0.41249365793411685,0.5036931941790351,36.16054999385015,37.5675320054788,-24.605643000222862,5.297104730013186e-05,28843.43834933314,0.6115678256753534,0.3013379166154178,0.569883616626948,cruise,15,GTF2035_wi,0,43031,1.237,3.16,3.16,14.423227801990882,2.1627201568165124,0.7944207376060749,18.783065811763745,12.834375305656296,24.99224314378332,1538366182892644.0,16.1926944104001,740.999780732783,1068.98235589198,0.00529710473001,0.0150316877512387,0.214481733418813,18.7837660027394,14.2686394880135,14.267883703270982,15.163257470784147,0.4961806499138796,392948447509192.5,0.5036931941790351,0.0010803272908700699,4.689652848658537e-06,3.16,35.8,2023-02-06 02:07:00,5.297104730013187e-05,0.6115684563648269,0.0,67,288.4343834933314,5.297104730013187e-05,64.31687,3.1237528,0.6115684563648269,0.0022191398,8.256499e-08,0.44995801471857894,801.5763327640711,10987.288146667459,-0.6823562877235547,-0.7310197648519017,2.273012544062532,234.6684853939142,0.3744319638611958,0.0,1.0,226.41217732995045,28.117254249628648,54.796838274670606,0.6223722696250259,223.43109,5.446005539660233e-05,9398.541580862666,0.0,0.006620196465346453,0.0055447794,109.59367654934121,,,,0.0,0 days 00:00:00,,,,,,,,,,,,,,,,,,,,,0.0,,,,,,,,,,,,,,,,,,10987.288146667459,0.0,4.4772376e-05,1.8108963e-06,91507.08,0.47064802,-250.53044,0.0,0.0,0.9999999999999999,-4.991930954138014e-13,1.4506158e-12,3.5052743e-16,0.0,0.0,0.0,7.480000000000001e-16,1.3467021596215843e-14,9.514226280942376e-13,804.1606197480177,3.106319740586967e-14,7.143417175302613e-14,0.0,4.4772376e-05,1.8108963e-06,91507.08,0.47064802,-250.53044,0.0,0.0,0.9999999999999999,-4.991930954138014e-13,1.4506158e-12,3.5052743e-16,0.0,0.0,0.0,7.480000000000001e-16,1.3467021596215843e-14,9.514226280942376e-13,804.1606197480177,3.106319740586967e-14,7.143417175302613e-14,0.0
68,68,68,135.92028029421544,37.21632385253906,9418.32,885974.0,TVJ571,183.656666508,0.5739055043168635,34610D,223.33894,64.56128,3.6728563,237.9988522015416,68029.83829463215,0.41208283859758466,0.5175715095424696,37.03953414647648,38.5621701584436,0.0,5.9906647983052366e-05,28876.549022082832,0.6903773102707683,0.3086627845539706,0.5833063080055203,cruise,15,GTF2035_wi,0,43031,1.237,3.16,3.16,14.624349588838902,2.192776342563036,0.7944194258358117,19.28119565578248,12.97199321264896,25.706743533729416,1572090783471852.8,16.4723472803813,743.848825167773,1074.8443549585,0.00599066479831,0.0151776783536633,0.219648606600651,19.2810850792218,14.4718185141693,14.470951607965343,15.158942605816833,0.5040016691321536,405860016489428.1,0.5175715095424696,0.001095441704448722,4.921094253799618e-06,3.16,35.8,2023-02-06 02:08:00,5.990664798305237e-05,0.6903774530622961,0.0,68,288.7654902208284,5.990664798305237e-05,64.56128,3.6728563,0.6903774530622961,0.0027334772,1.1059549e-07,0.450425831106489,803.6652478771995,11012.509449563913,-0.6848269150467582,-0.728705768076211,2.2740453020728997,234.67340552459277,0.42278265354489386,0.0,1.0,226.6610423447945,28.117254249628648,53.94088169623844,0.7031600046129782,223.44904,6.159873037049606e-05,9391.34955915188,0.0,0.006738115417510926,0.0061246776,107.88176339247688,,,,0.0,0 days 00:00:00,,,,,,,,,,,,,,,,,,,,,0.0,,,,,,,,,,,,,,,,,,11012.509449563913,0.0,5.071273e-05,1.7838762e-06,91471.52,0.5306383,-250.0089,0.01392503856076957,0.01392503856076957,1.0,-4.993901006948637e-13,1.4502309e-12,3.4844463e-16,7.217279588339245e-15,3.920591408824719e-15,3.920591408824719e-15,7.48e-16,1.4084668901321502e-14,9.508407420262417e-13,805.45134048327,3.234585724644327e-14,7.340240554052067e-14,4.317554993756132e-14,5.071273e-05,1.7838762e-06,91471.52,0.5306383,-250.0089,0.01392503856076957,0.01392503856076957,1.0,-4.993901006948637e-13,1.4502309e-12,3.4844463e-16,7.217279588339245e-15,3.920591408824719e-15,3.920591408824719e-15,7.48e-16,1.4084668901321502e-14,9.508407420262417e-13,805.45134048327,3.234585724644327e-14,7.340240554052067e-14,4.317554993756132e-14
69,69,69,135.8297404837101,37.148468017578125,9418.32,885974.0,,183.91388873,0.5753978572323207,34610D,223.3463,64.77162,4.215106,238.57975614814103,67992.79876048566,0.4123460676990596,0.5181580873712565,37.08087207336512,38.5364750247976,24.606259992695584,6.59065675107557e-05,28876.549022082832,0.7588329630994262,0.3090072672780426,0.5843882645067562,cruise,15,GTF2035_wi,0,43031,1.237,3.16,3.16,14.640155369779752,2.195058423078716,0.7963452911852346,19.268250453805663,12.980542108562837,25.71496386206713,1572478785065302.2,16.4909311360049,744.106494137252,1074.99713041497,0.00659065675108,0.0151766860366072,0.219863894380459,19.2682375123988,14.4869501714757,14.485995449238663,15.159559817693902,0.5047206104957104,405866171176747.75,0.5181580873712565,0.0010964341770854991,4.928118927826381e-06,3.16,35.8,2023-02-06 02:09:00,6.59065675107557e-05,0.7588330033655891,0.0,69,288.7654902208284,6.59065675107557e-05,64.77162,4.215106,0.7588330033655891,0.0033297888,1.502454e-07,0.4504109880841647,805.7548656848718,11024.248416870858,-0.6837892140296523,-0.729679594600747,2.2750756934904808,234.67831241145277,0.46473788622752316,0.0,1.0,226.89007913550859,28.117254249628648,53.1479488629415,0.7731416264792339,223.45253,6.776250589222573e-05,9391.74602556853,0.0,0.0068606433770486315,0.006627283,106.295897725883,,,,0.0,0 days 00:00:00,,,,,,,,,,,,,,,,,,,,,0.0,,,,,,,,,,,,,,,,,,11024.248416870858,0.0,5.6280394e-05,1.747713e-06,91511.97,0.58787495,-249.46747,0.04723124486011816,0.04723124486011816,1.0000000000000002,-4.992813781153396e-13,1.4513415e-12,3.4565705e-16,2.4445026489460536e-14,1.3457050652127202e-14,1.3457050652127202e-14,7.479999999999999e-16,1.562356723621612e-14,9.52060160709241e-13,806.7476191131738,3.2453421340218163e-14,7.348559447746148e-14,1.4835386934746425e-13,5.6280394e-05,1.747713e-06,91511.97,0.58787495,-249.46747,0.04723124486011816,0.04723124486011816,1.0000000000000002,-4.992813781153396e-13,1.4513415e-12,3.4565705e-16,2.4445026489460536e-14,1.3457050652127202e-14,1.3457050652127202e-14,7.479999999999999e-16,1.562356723621612e-14,9.52060160709241e-13,806.7476191131738,3.2453421340218163e-14,7.348559447746148e-14,1.4835386934746425e-13
70,70,70,135.7390643180685,37.08064270019531,9425.94,885974.0,TVJ571,184.171110952,0.5768837947348692,34610D,223.31865,64.98997,4.7511516,238.73034496692384,67955.7178884123,0.4123889218668072,0.5225195543901318,37.36293073399446,38.8403693525836,24.6084087974307,7.121528594589209e-05,28843.43834933314,0.8218130045869216,0.3113577561166205,0.589335799482024,cruise,15,GTF2035_wi,0,43031,1.237,3.16,3.16,14.697144549174842,2.2035250210245687,0.7968972894093324,19.420290704618942,13.023202132026569,25.97755011987873,1584872923384741.8,16.5741881402611,745.14915549637,1077.09467573723,0.00712152859459,0.0152284623514282,0.221490586185256,19.4201846762918,14.5445141521122,14.543478434136864,15.158414467238432,0.507629817532818,409893070605956.9,0.5225195543901318,0.0011014840477207085,5.0051471347798436e-06,3.16,35.8,2023-02-06 02:10:00,7.121528594589209e-05,0.8218130320156651,0.0,70,288.4343834933314,7.121528594589209e-05,64.98997,4.7511516,0.8218130320156651,0.0042864825,2.0377361e-07,0.4499502373209598,807.8354987218399,11027.260122939011,-0.6851430355436272,-0.7284085535234085,2.2726431626659225,234.66672515527816,0.5031729440973852,0.0,1.0,227.09655163928332,28.117254249628648,52.668872616302544,0.837665985143692,223.4221,7.322965999709974e-05,9399.60556369185,0.0,0.007005859965410366,0.006892951,105.33774523260509,,,,0.0,0 days 00:00:00,,,,,,,,,,,,,,,,,,,,,0.0,,,,,,,,,,,,,,,,,,11027.260122939011,0.0,6.1295854e-05,1.722799e-06,91629.086,0.6394319,-249.12622,0.08678857877451272,0.08678857877451272,1.0,-4.988634524210685e-13,1.4534349e-12,3.4373658e-16,4.4856525647064033e-14,2.5012552175176535e-14,2.5012552175176535e-14,7.48e-16,1.750317350421005e-14,9.545714279728547e-13,808.0433147529131,3.2964040652276055e-14,7.410414121925201e-14,2.7581991917425564e-13,6.1295854e-05,1.722799e-06,91629.086,0.6394319,-249.12622,0.08678857877451272,0.08678857877451272,1.0,-4.988634524210685e-13,1.4534349e-12,3.4373658e-16,4.4856525647064033e-14,2.5012552175176535e-14,2.5012552175176535e-14,7.48e-16,1.750317350421005e-14,9.545714279728547e-13,808.0433147529131,3.2964040652276055e-14,7.410414121925201e-14,2.7581991917425564e-13
71,71,71,135.64860242478392,37.01266479492188,9433.56,885974.0,TVJ571,184.171110952,0.5783670113409332,34610D,223.28778,65.18911,5.2783866,239.1399232125601,67918.35495767831,0.4126958154835451,0.520843565169936,37.25975173335138,38.6782415867152,24.611167393075856,7.635207184339831e-05,28810.358425543698,0.8834365135780842,0.3104979311112615,0.5883410901651956,cruise,15,GTF2035_wi,0,43031,1.237,3.16,3.16,14.674321758599032,2.200027848920689,0.7983196260462782,19.33902418719308,13.007469650376857,25.901308543664232,1581274301548360.0,16.5422195890954,744.933975806627,1076.44795439541,0.00763520718434,0.0152095892613257,0.220862088655024,19.3391207933576,14.521239519375,14.52013087729908,15.15920558565961,0.5070294286700597,408018610477836.7,0.520843565169936,0.001099943840812633,4.976514013377847e-06,3.16,35.8,2023-02-06 02:11:00,7.635207184339831e-05,0.8834371369261199,0.0,71,288.103584255437,7.635207184339831e-05,65.18911,5.2783866,0.8834371369261199,0.0053709624,2.6837756e-07,0.4494963342105987,809.9123205854428,11091.111163149086,-0.6868094889992049,-0.7268374823993675,2.271232978538522,234.6600027796568,0.5407401367323297,0.0,1.0,227.31467855233126,28.117254249628648,52.19916812511345,0.9005528571063162,223.38948,7.85043386468952e-05,9407.460415937443,0.0,0.007109443894009075,0.0071933637,104.3983362502269,,,,0.0,0 days 00:00:00,,,,,,,,,,,,,,,,,,,,,0.0,,,,,,,,,,,,,,,,,,11091.111163149086,0.0,6.603743e-05,1.6842173e-06,91745.7,0.6885224,-248.89284,0.13263538909097378,0.13263538909097378,0.9999999999999999,-4.984469290468439e-13,1.4556128e-12,3.4076257e-16,6.848079552895595e-14,3.8572070218357014e-14,3.8572070218357014e-14,7.48e-16,1.9703449455377024e-14,9.571658180823427e-13,809.3419253434729,3.290154153711755e-14,7.386645108725247e-14,4.2780711858458985e-13,6.603743e-05,1.6842173e-06,91745.7,0.6885224,-248.89284,0.13263538909097378,0.13263538909097378,0.9999999999999999,-4.984469290468439e-13,1.4556128e-12,3.4076257e-16,6.848079552895595e-14,3.8572070218357014e-14,3.8572070218357014e-14,7.48e-16,1.9703449455377024e-14,9.571658180823427e-13,809.3419253434729,3.290154153711755e-14,7.386645108725247e-14,4.2780711858458985e-13
72,72,72,135.55789471113718,36.94412709898867,9441.18,885974.0,,185.971666506,0.5798513873460568,34610D,223.27121,65.33463,5.776328,239.34389801130607,67881.09520594496,0.4125401847001188,0.5331391279225949,38.0526338989982,39.54266131059,73.850195847863,7.912164550380895e-05,28777.3092288637,0.9163028234520422,0.3171052824916516,0.6015178221825287,cruise,15,GTF2035_wi,0,43031,1.237,3.16,3.16,14.835092504618933,2.224090098762673,0.7990301846363735,19.77154115491228,13.129926611784002,26.749741035366966,1593213801914734.0,16.7790128189035,747.687852129535,1082.07555337288,0.00791216455038,0.0153485150483567,0.22543148847059,19.771330655295,14.6875113169157,14.686349308791945,15.151839712502868,0.5147551502583197,419421649498234.4,0.5331391279225949,0.001114482377340707,5.1901860372408995e-06,3.16,35.8,2023-02-06 02:12:00,7.912164550380895e-05,0.9163034733641946,0.0,72,287.7730922886371,7.912164550380895e-05,65.33463,5.776328,0.9163034733641946,0.009090462,5.519438e-07,0.4490140249018186,811.9907650226086,11226.876109821233,-0.6882663963565512,-0.7254580398936707,2.2680319907135527,234.64472989596632,0.5607661770651183,0.0,1.0,227.42550458724884,28.117254249628648,51.97257768268547,0.9327462681135162,223.37488,8.125897200370703e-05,9415.193711158658,0.0,0.007061795448208273,0.007565083,103.94515536537094,,,,0.0,0 days 00:00:00,,,,,,,,,,,,,,,,,,,,,0.0,,,,,,,,,,,,,,,,,,11226.876109821233,0.0,6.878269e-05,1.6345232e-06,91862.63,0.71529824,-248.52126,0.2861638729199712,0.2861638729199712,1.0000000000000002,-4.980277383960656e-13,1.4587742e-12,3.36932e-16,1.4871741571343463e-13,8.425294371339139e-14,8.425294371339139e-14,7.48e-16,2.705510687613941e-14,9.60746452515581e-13,810.6477851057327,3.4251043141762483e-14,7.561021763328476e-14,9.458973609579868e-13,6.878269e-05,1.6345232e-06,91862.63,0.71529824,-248.52126,0.2861638729199712,0.2861638729199712,1.0000000000000002,-4.980277383960656e-13,1.4587742e-12,3.36932e-16,1.4871741571343463e-13,8.425294371339139e-14,8.425294371339139e-14,7.48e-16,2.705510687613941e-14,9.60746452515581e-13,810.6477851057327,3.4251043141762483e-14,7.561021763328476e-14,9.458973609579868e-13
73,73,73,135.46633456615692,36.874603271484375,9464.04,885974.0,TVJ571,187.77222206,0.5813406131627242,34610D,223.19366,65.52446,6.270094,239.67628353550515,67843.04257204596,0.4131941664265662,0.5220321593783425,37.3464224944462,38.7264614985178,49.24587713011071,8.012920826911981e-05,28678.34578313319,0.933672396393988,0.3112201874537184,0.5918464633330737,cruise,15,GTF2035_wi,0,43031,1.237,3.16,3.16,14.674481257061112,2.1999963339942785,0.8002788401229537,19.36318870759797,13.01961120377528,26.07737299298257,1589584588446744.2,16.5540774444954,745.637466733319,1077.7126962133,0.00801292082691,0.0152387401052885,0.22130109602954,19.3632307492589,14.5222698530529,14.521106288302828,15.158348510384844,0.5089922910477398,408868849430992.4,0.5220321593783425,0.0011024820649648817,5.005636537173189e-06,3.16,35.8,2023-02-06 02:13:00,8.012920826911981e-05,0.9336733745036784,0.0,73,286.783457831332,8.012920826911981e-05,65.52446,6.270094,0.9336733745036784,0.012648068,8.496471e-07,0.44762536866491276,814.0759998738129,11153.17089448386,-0.686532730253107,-0.7270988999381133,2.262753308126539,234.61950200557263,0.570962559318396,0.0,1.0,227.467242298105,28.117254249628648,52.114210928794975,0.949144091200923,223.30069,8.221643118115216e-05,9437.982894535604,0.0,0.007068864943353788,0.0074384063,104.22842185758995,,,,0.0,0 days 00:00:00,,,,,,,,,,,,,,,,,,,,,0.0,,,,,,,,,,,,,,,,,,11153.17089448386,0.0,6.9901194e-05,1.6183031e-06,92134.08,0.7250063,-248.21863,0.44844656786970455,0.44844656786970455,1.0,-4.969832230697106e-13,1.464219e-12,3.356817e-16,2.336655450921189e-13,1.338082851496069e-13,1.338082851496069e-13,7.48e-16,3.5067073602835714e-14,9.672358673433691e-13,811.9716417314069,3.340045895812928e-14,7.403501846876404e-14,1.4923866713713923e-12,6.9901194e-05,1.6183031e-06,92134.08,0.7250063,-248.21863,0.44844656786970455,0.44844656786970455,1.0,-4.969832230697106e-13,1.464219e-12,3.356817e-16,2.336655450921189e-13,1.338082851496069e-13,1.338082851496069e-13,7.48e-16,3.5067073602835714e-14,9.672358673433691e-13,811.9716417314069,3.340045895812928e-14,7.403501846876404e-14,1.4923866713713923e-12
74,74,74,135.37525177001953,36.80570983886719,9479.28,885974.0,TVJ571,185.19999984,0.5828173583121847,34610D,223.13986,65.67864,6.752424,239.562452467074,67805.69614955151,0.41389023183992885,0.4970495642010148,35.763791174642336,36.952817957021,-49.24904560343633,8.180292405325987e-05,28612.52338807851,0.9573250295286992,0.2980315931220195,0.5674979604612529,cruise,15,GTF2035_wi,0,43031,1.237,3.16,3.16,14.30967891802424,2.145281264125878,0.7999951941522441,18.4763196297038,12.767470817679104,24.795360863223628,1529073289051816.2,16.0488891866055,740.463362134442,1067.20197382473,0.00818029240533,0.014977704059103,0.212009659640481,18.4764089785105,14.1550172712638,14.153859444174628,15.165044556793802,0.4947243184417048,385902938061453.2,0.4970495642010148,0.001074882295086186,4.591529196084876e-06,3.16,35.8,2023-02-06 02:14:00,8.180292405325987e-05,0.9573264109103887,0.0,74,286.1252338807851,8.180292405325987e-05,65.67864,6.752424,0.9573264109103887,0.015911208,1.1321162e-06,0.4467056579034545,816.1437565330464,10998.1482562546,-0.6868121712961235,-0.7268349478110585,2.2602441945824707,234.6074921877502,0.5851185978856851,0.0,1.0,227.5484467372586,28.117254249628648,52.27351675514787,0.9715815112033006,223.25067,8.38334735128459e-05,9453.143241622427,0.0,0.006997797414844342,0.0074937604,104.54703351029573,,,,0.0,0 days 00:00:00,,,,,,,,,,,,,,,,,,,,,0.0,,,,,,,,,,,,,,,,,,10998.1482562546,0.0,7.133092e-05,1.5938678e-06,92328.85,0.7373926,-248.01547,0.5990694454920382,0.5990694454920382,0.9999999999999999,-4.962465074008806e-13,1.4686182e-12,3.3379814e-16,3.124980945563656e-13,1.8106460359792837e-13,1.8106460359792837e-13,7.479999999999998e-16,4.2692966890005844e-14,9.723717053324685e-13,813.2834945236034,3.11705288116379e-14,7.049196683463927e-14,1.9913753543299865e-12,7.133092e-05,1.5938678e-06,92328.85,0.7373926,-248.01547,0.5990694454920382,0.5990694454920382,0.9999999999999999,-4.962465074008806e-13,1.4686182e-12,3.3379814e-16,3.124980945563656e-13,1.8106460359792837e-13,1.8106460359792837e-13,7.479999999999998e-16,4.2692966890005844e-14,9.723717053324685e-13,813.2834945236034,3.11705288116379e-14,7.049196683463927e-14,1.9913753543299865e-12
75,75,75,135.28554713472408,36.73774693375927,9464.04,885974.0,,184.171110952,0.5842805232570608,34610D,223.2224,65.68416,7.185685,239.1617361138699,67769.93235837687,0.41347845709524944,0.4996877897671439,35.92367423397554,37.1741772802256,0.0,8.554908613441869e-05,28678.34578313319,0.993297006683182,0.2993639519497961,0.5692559042579196,cruise,15,GTF2035_wi,0,43031,1.237,3.16,3.16,14.35127825693706,2.1514639998008174,0.7985094245130716,18.58701935679276,12.791381622691135,24.894800311149925,1533766856347677.8,16.1040352342422,740.867089131354,1068.1620527238,0.00855490861344,0.0150032179774506,0.212996816157509,18.5870886401128,14.1967420907726,14.195527676352691,15.164483232326171,0.4958204033529809,388485397987026.8,0.4996877897671439,0.0010772960032642096,4.632902858747141e-06,3.16,35.8,2023-02-06 02:15:00,8.554908613441868e-05,0.9932964443433961,0.0,75,286.783457831332,8.554908613441868e-05,65.68416,7.185685,0.9932964443433961,0.0206631,1.5071187e-06,0.4475677366660837,818.1924952843883,10957.275332257908,-0.6895288366738542,-0.7242582297738848,2.263860661414238,234.62479858210907,0.6075944040513326,0.0,1.0,227.71600502673766,28.117254249628648,52.04466721284932,1.0092793116229264,223.33682,8.781626572360934e-05,9438.017666393576,1.0,0.006697733798952754,0.008418562,104.08933442569864,0.4490960161107077,2.0964200548026667e-06,379815679768.819,0.0,0 days 00:00:00,,,,,,,,,,,,,,,,,,,,,0.0,,,,,,,,,,,,,,,,,,10957.275332257908,0.0,7.4757474e-05,1.5061323e-06,92216.66,0.76784074,-247.78146,0.7356691566266398,0.7356691566266398,0.9999999999999999,-4.967519932568017e-13,1.4691475e-12,3.270352e-16,3.8433526860809516e-13,2.241719790875683e-13,2.241719790875683e-13,7.48e-16,4.9583693799863205e-14,9.723955339230015e-13,814.5768685431217,3.14071111723189e-14,7.086612209500816e-14,2.456314096639648e-12,7.4757474e-05,1.5061323e-06,92216.66,0.76784074,-247.78146,0.7356691566266398,0.7356691566266398,0.9999999999999999,-4.967519932568017e-13,1.4691475e-12,3.270352e-16,3.8433526860809516e-13,2.241719790875683e-13,2.241719790875683e-13,7.48e-16,4.9583693799863205e-14,9.723955339230015e-13,814.5768685431217,3.14071111723189e-14,7.086612209500816e-14,2.456314096639648e-12
76,76,76,135.19657135009766,36.669769287109375,9464.04,885974.0,,183.142222064,0.5857405899077602,34610D,223.27713,65.71555,7.5882354,238.42277497294867,67734.0086841429,0.41318184847424744,0.496520515727064,35.717049729695056,37.026454898955,0.0,8.685155697961701e-05,28678.34578313319,1.001631940492192,0.2976420810807921,0.5660460625297828,cruise,15,GTF2035_wi,0,43031,1.237,3.16,3.16,14.292288065025453,2.142601902282569,0.7959445482515846,18.512969048247754,12.753662897253598,24.762177577118365,1527507029487017.2,16.0292761844173,740.169225277489,1067.12645923762,0.00868515569796,0.014982169253797,0.211826144479041,18.5132274494775,14.1385496913511,14.13732184293752,15.16432726448205,0.4939257615623719,386176466258337.7,0.496520515727064,0.0010735208507588526,4.587033056621157e-06,3.16,35.8,2023-02-06 02:16:00,8.685158520526787e-05,1.0016327786362391,1.0,76,286.783457831332,8.685158520526787e-05,65.71555,7.5882354,1.0016327786362391,0.023329962,1.7345699e-06,0.4474580282412766,820.2368943960906,10950.123119735446,-0.690138598355281,-0.723677217452787,2.2627189296018506,234.61933753311473,0.6130221767173839,0.0,1.0,227.74839295523816,28.117254249628648,52.31813312915839,1.018836941978588,223.39577,8.929245076985548e-05,9437.880933435421,1.0,0.006495931478083037,0.008677882,104.63626625831678,0.4489867533769604,2.746175615154874e-06,427710631908.6594,-3035022095.600712,0 days 00:14:00,-1.8854994330783405e-13,-2.8471041439482943e-15,835.6274571294473,835.6274571294473,835.6274571294473,178.44026230522854,178.44026230522854,178.44026230522854,241.69495,241.69495,241.69495,-0.77300054,-0.77300054,-0.77300054,0.24722384,0.24722384,0.24722384,-0.5257767,-0.5257767,-0.5257767,-1.0,9423.049145042054,0.9977217062877938,,238949487822.17496,,1.996956110499843e-06,600.4466863998468,112.11803897257924,0.007795530227321486,0.017241932,0.23333333333333334,-0.77300054,0.24722384,-0.5257767,241.69495,835.6274571294473,178.44026230522854,10950.123119735446,10950.123119735446,7.626726e-05,1.4346914e-06,92258.625,0.773054,-247.21571,0.7356691566266398,0.7356691566266398,1.0,-4.966320115536675e-13,1.4724343e-12,3.215283e-16,3.864450753965016e-13,2.218491315544748e-13,2.218491315544748e-13,7.48e-16,4.925081859387887e-14,9.758022496129837e-13,815.8670674650679,3.120762705014362e-14,7.041693675682481e-14,2.429275304527885e-12,7.626726e-05,1.4346914e-06,92258.625,0.773054,-247.21571,0.7356691566266398,0.7356691566266398,1.0,-4.966320115536675e-13,1.4724343e-12,3.215283e-16,3.864450753965016e-13,2.218491315544748e-13,2.218491315544748e-13,7.48e-16,4.925081859387887e-14,9.758022496129837e-13,815.8670674650679,3.120762705014362e-14,7.041693675682481e-14,2.429275304527885e-12
77,77,77,135.10780334472656,36.60177612304688,9464.04,885974.0,TVJ571,182.113333176,0.5871957582831592,34610D,223.33475,65.744286,7.987572,237.7157668636296,67698.2916344132,0.4125558974233984,0.5063844932266082,36.331840325770095,37.816962991969,49.28140039640746,8.839714469030988e-05,28678.34578313319,1.0122381646148702,0.3027653360480841,0.5759031660645123,cruise,15,GTF2035_wi,0,43031,1.237,3.16,3.16,14.419821630927782,2.1616985735800496,0.7934819478309133,18.90865057662036,12.84646656399888,25.332474143343784,1554425172819448.0,16.2151024967802,742.240644871775,1071.78792400188,0.00883971446903,0.0151031517785801,0.215501517796759,18.9084814959845,14.2686454427607,14.267384246731089,15.160170443332897,0.4995796855265689,395772072671648.0,0.5063844932266082,0.001084405937517815,4.7565192838501465e-06,3.16,35.8,2023-02-06 02:17:00,8.83971788486608e-05,1.0122391717448642,1.0,77,286.783457831332,8.83971788486608e-05,65.744286,7.987572,1.0122391717448642,0.026031023,1.959501e-06,0.44734258480228084,822.2744332834069,10815.203255397913,-0.6910712523459006,-0.7227866380759046,2.260310902602249,234.60781163680335,0.6198632344704299,0.0,1.0,227.785404615297,28.117254249628648,52.614437098613756,1.0264944070964919,223.45737,9.064672876817775e-05,9437.732781450693,1.0,0.006303940118554294,0.008886596,105.22887419722751,0.4488730173365505,3.7301508530407577e-06,508352420469.5929,-5378439887.781384,0 days 00:13:00,-3.341341525637411e-13,-5.04542570371249e-15,836.5086215071786,836.5086215071786,836.5086215071786,162.6168368392099,162.6168368392099,162.6168368392099,242.4643,242.4643,242.4643,-2.0791976,-2.0791976,-2.0791976,0.7668669,0.7668669,0.7668669,-1.3123307,-1.3123307,-1.3123307,-1.0,9426.761074283242,1.0048561730589183,,288662543019.2347,,2.516164518406845e-06,567.4760067130155,109.78800534221635,0.020016724039214995,0.020628734,0.21666666666666667,-2.0791976,0.7668669,-1.3123307,242.4643,836.5086215071786,162.6168368392099,10815.203255397913,10815.203255397913,7.774919e-05,1.3609344e-06,92300.34,0.7777404,-246.58218,0.7356691566266398,0.7356691566266398,1.0,-4.965129572631497e-13,1.4757638e-12,3.1584286e-16,3.8859893253658404e-13,2.1924804922645434e-13,2.1924804922645434e-13,7.48e-16,4.887379266567204e-14,9.792509168959752e-13,817.157560903667,3.226394896967075e-14,7.181585393699216e-14,2.3712122157335908e-12,7.774919e-05,1.3609344e-06,92300.34,0.7777404,-246.58218,0.7356691566266398,0.7356691566266398,1.0,-4.965129572631497e-13,1.4757638e-12,3.1584286e-16,3.8859893253658404e-13,2.1924804922645434e-13,2.1924804922645434e-13,7.48e-16,4.887379266567204e-14,9.792509168959752e-13,817.157560903667,3.226394896967075e-14,7.181585393699216e-14,2.3712122157335908e-12
78,78,78,135.02031326293945,36.53453063964844,9479.28,885974.0,TVJ571,181.084444288,0.5886391501595089,34610D,223.32074,65.858986,8.392366,237.23847736782392,67661.95979408742,0.41263109154972905,0.4993146803402452,35.882475915445646,37.3708171698208,24.65000835931161,8.877634312670253e-05,28612.52338807851,1.0159998392348106,0.2990206326287137,0.5696693861051788,cruise,15,GTF2035_wi,0,43031,1.237,3.16,3.16,14.300455345808553,2.143798759740635,0.7919136282291741,18.685407496521137,12.770473070906856,25.03892012940437,1540569348515031.2,16.0585185317228,740.889819627757,1069.31335948269,0.00887763431267,0.015045453781083,0.21287411331264,18.6854085849104,14.1487333256968,14.14747736439192,15.162100392854816,0.4958821147429145,389684575347395.7,0.4993146803402452,0.001076688103756263,4.647803134260087e-06,3.16,35.8,2023-02-06 02:18:00,8.877642368423977e-05,1.016002213050032,1.0,78,286.1252338807851,8.877642368423977e-05,65.858986,8.392366,1.016002213050032,0.027397899,2.0961895e-06,0.44634384592216886,824.2954800930962,10864.77240684717,-0.6906151221808343,-0.7232224782286233,2.2554124837338296,234.58433205188018,0.6220822369797943,0.0,1.0,227.77909280169303,28.117254249628648,53.05618507379169,1.027510838359665,223.44737,9.083021098976846e-05,9452.751907463105,1.0,0.006225965346572195,0.008675153,106.11237014758338,0.4478784688298463,3.945139306607588e-06,503540643477.98865,-5329493112.809432,0 days 00:12:00,-3.3109334714112473e-13,-4.999509541830984e-15,837.3821743075098,837.3821743075098,837.3821743075098,146.82333641688479,146.82333641688479,146.82333641688479,243.34506,243.34506,243.34506,-2.3095646,-2.3095646,-2.3095646,0.79702723,0.79702723,0.79702723,-1.5125374,-1.5125374,-1.5125374,-1.0,9444.863602634892,1.0035338953845985,,293636797986.5092,,2.447045191736671e-06,528.7755868859575,107.01325601755731,0.021089050153223498,0.022466833,0.2,-2.3095646,0.79702723,-1.5125374,243.34506,837.3821743075098,146.82333641688479,10864.77240684717,10864.77240684717,7.802631e-05,1.3298336e-06,92494.61,0.771536,-245.89793,0.7225046776157024,0.7225046776157024,1.0000000000000002,-4.957727061666756e-13,1.4809222e-12,3.1344552e-16,3.8375212179287463e-13,2.1256562391866965e-13,2.1256562391866965e-13,7.479999999999998e-16,4.787888818962512e-14,9.851494502532101e-13,818.4338635481711,3.1777345745225313e-14,7.081320741759782e-14,2.309477125395815e-12,7.802631e-05,1.3298336e-06,92494.61,0.771536,-245.89793,0.7225046776157024,0.7225046776157024,1.0000000000000002,-4.957727061666756e-13,1.4809222e-12,3.1344552e-16,3.8375212179287463e-13,2.1256562391866965e-13,2.1256562391866965e-13,7.479999999999998e-16,4.787888818962512e-14,9.851494502532101e-13,818.4338635481711,3.1777345745225313e-14,7.081320741759782e-14,2.309477125395815e-12
79,79,79,134.93244576961436,36.4670213602357,9486.9,885974.0,,180.312777622,0.5900789595320898,34610D,223.35696,65.9104,8.793776,236.7924713683989,67626.07731817199,0.4126952465517625,0.4902530891726913,35.30866834226763,36.767436765512,0.0,8.949592897371736e-05,28579.65809578965,1.018501412914229,0.2942389028522302,0.5612743216001964,cruise,15,GTF2035_wi,0,43031,1.237,3.16,3.16,14.152567755968818,2.1216185661966387,0.7903607497532873,18.3837009803604,12.675131843597258,24.606990225804648,1520182146937414.8,15.8647751535998,739.086668060066,1065.86672259776,0.00894959289737,0.0149615655842873,0.209511184512444,18.383718382756,14.0032928594367,14.002039733883189,15.16116031732909,0.4909867095775247,381788097320375.1,0.4902530891726913,0.0010670558967576622,4.5064174699598886e-06,3.16,35.8,2023-02-06 02:19:00,8.949595496861778e-05,1.0185021746259606,1.0,79,285.79658095789654,8.949595496861778e-05,65.9104,8.793776,1.0185021746259606,0.02853943,2.157976e-06,0.4457588637434755,826.3115092208579,10816.086402094159,-0.6915984491755495,-0.7222822059956724,2.253069330388967,234.57308466563208,0.6238341878943482,0.0,1.0,227.7809628584219,28.117254249628648,53.276910911913085,1.0278222390170024,223.48576,9.139163657105236e-05,9460.261544544042,1.0,0.006149808175801752,0.008712758,106.55382182382617,0.4472950071781859,4.0535737042721355e-06,488351960125.21497,-5170096572.538466,0 days 00:11:00,-3.2119087932215256e-13,-4.849982277764504e-15,838.2584797859181,838.2584797859181,838.2584797859181,133.4108235359181,133.4108235359181,133.4108235359181,243.951,243.951,243.951,-2.6289372,-2.6289372,-2.6289372,0.9215239,0.9215239,0.9215239,-1.7074133,-1.7074133,-1.7074133,-1.0,9454.151610294412,1.0102796653772232,,289956511440.5887,,2.6167888923684073e-06,503.71994902830113,104.01102835470496,0.023041684838970535,0.024693048,0.18333333333333332,-2.6289372,0.9215239,-1.7074133,243.951,838.2584797859181,133.4108235359181,10816.086402094159,10816.086402094159,7.883554e-05,1.3056952e-06,92612.78,0.7710841,-244.24744,0.7159316191579308,0.7159316191579308,0.9999999999999999,-4.953404370088427e-13,1.4851675e-12,3.1158485e-16,3.824656489461521e-13,2.0403705070625808e-13,2.0403705070625808e-13,7.48e-16,4.657326361713334e-14,9.898269738916425e-13,819.7131158634066,3.106833963009173e-14,6.952808530894242e-14,2.2068823696673545e-12,7.883554e-05,1.3056952e-06,92612.78,0.7710841,-244.24744,0.7159316191579308,0.7159316191579308,0.9999999999999999,-4.953404370088427e-13,1.4851675e-12,3.1158485e-16,3.824656489461521e-13,2.0403705070625808e-13,2.0403705070625808e-13,7.48e-16,4.657326361713334e-14,9.898269738916425e-13,819.7131158634066,3.106833963009173e-14,6.952808530894242e-14,2.2068823696673545e-12
80,80,80,134.84516143798828,36.39971923828125,9486.9,885974.0,TVJ571,179.541110956,0.5915118965229167,34610D,223.44301,65.8888,9.197609,236.22412191782288,67590.76864982971,0.41241065382961345,0.4889665539893634,35.22104771621414,36.7338311304178,0.0,9.047363808899984e-05,28579.65809578965,1.0187687009585478,0.2935087309684511,0.5603389846065406,cruise,15,GTF2035_wi,0,43031,1.237,3.16,3.16,14.123698093109049,2.1172768916166027,0.7883118815181704,18.366888547137204,12.657417969602458,24.57232738356141,1518546051945666.5,15.8288528945367,738.907943004229,1065.69060517178,0.0090473638089,0.0149604966002021,0.209036565907347,18.3669155652089,13.972568658217,13.971304623458868,15.16351538722839,0.4905142767252093,380913597745276.0,0.4889665539893634,0.0010654506419718035,4.491483506527461e-06,3.16,35.8,2023-02-06 02:20:00,9.047365910963663e-05,1.0187693104161788,1.0,80,285.79658095789654,9.047365910963663e-05,65.8888,9.197609,1.0187693104161788,0.02987463,2.195393e-06,0.4455871978219274,828.3179137216738,10763.2463214461,-0.690925112110603,-0.7229263375026191,2.2519799789348336,234.56785213880823,0.6245239695933611,0.0,1.0,227.78095800769904,28.117254249628648,53.29065443682858,1.026382396844793,223.5722,9.223974083391679e-05,9460.254672781586,1.0,0.0060742186362753615,0.009019599,106.58130887365716,0.44712253276730624,4.068426789771644e-06,485531184608.08124,-4831996887.658687,0 days 00:10:00,-3.0018652600660895e-13,-4.532816542699795e-15,839.1314221819895,839.1314221819895,839.1314221819895,124.04719366636448,124.04719366636448,124.04719366636448,243.95401,243.95401,243.95401,-2.8531008,-2.8531008,-2.8531008,0.99960244,0.99960244,0.99960244,-1.8534983,-1.8534983,-1.8534983,-1.0,9455.331234968862,1.0190640221788616,,292595589686.1688,,2.7195132578332124e-06,482.4932282422451,100.75401518976209,0.024317890595147582,0.02785475,0.16666666666666666,-2.8531008,0.99960244,-1.8534983,243.95401,839.1314221819895,124.04719366636448,10763.2463214461,10763.2463214461,8.019401e-05,1.2748849e-06,92654.43,0.77617764,-241.83727,0.7159316191579309,0.7159316191579309,1.0,-4.952186111993727e-13,1.4885053e-12,3.0920988e-16,3.847369821782818e-13,1.9440701480080168e-13,1.9440701480080168e-13,7.479999999999999e-16,4.507505875441532e-14,9.932866543704096e-13,820.9862953815459,3.104833673990274e-14,6.934562786001471e-14,2.0924505869180465e-12,8.019401e-05,1.2748849e-06,92654.43,0.77617764,-241.83727,0.7159316191579309,0.7159316191579309,1.0,-4.952186111993727e-13,1.4885053e-12,3.0920988e-16,3.847369821782818e-13,1.9440701480080168e-13,1.9440701480080168e-13,7.479999999999999e-16,4.507505875441532e-14,9.932866543704096e-13,820.9862953815459,3.104833673990274e-14,6.934562786001471e-14,2.0924505869180465e-12
81,81,81,134.75830078125,36.33281125860699,9486.9,885974.0,TVJ571,179.026666512,0.5929348541931465,34610D,223.5279,65.86685,9.605786,235.7383739100513,67555.5476021135,0.41190418698142967,0.4970372225870787,35.722201429744004,37.3711339353002,24.678660745333843,9.138304152919447e-05,28579.65809578965,1.0183105739322733,0.2976850119145333,0.5688154384938088,cruise,15,GTF2035_wi,0,43031,1.237,3.16,3.16,14.227938493736852,2.13289058176628,0.7865414836664416,18.68566946358574,12.734319682642084,25.042492246374795,1540737953346806.0,15.9813711188749,740.750344088488,1069.67036973963,0.00913830415292,0.0150620112281632,0.212051826256555,18.6855669676501,14.0785863882545,14.077299961767476,15.16041438379174,0.4955034503601653,388522790939362.56,0.4970372225870787,0.00107483827412785,4.630276155090421e-06,3.16,35.8,2023-02-06 02:21:00,9.13830053867775e-05,1.0183095369394919,1.0,81,285.79658095789654,9.13830053867775e-05,65.86685,9.605786,1.0183095369394919,0.03129066,2.2609881e-06,0.44541797555829454,830.3103428318528,10649.599239758512,-0.6923447930875911,-0.7215668281486483,2.2500423433209167,234.55853947846435,0.6247614413207833,0.0,1.0,227.7739378674202,28.117254249628648,53.24460075404733,1.0242502864188967,223.65712,9.30147869730217e-05,9460.277699622977,1.0,0.006010247303910319,0.009372312,106.48920150809467,0.4469512232371098,4.118912840981721e-06,504628028738.46906,-26659873845.364765,0 days 00:39:00,-1.6562375968938744e-12,-2.5009187713097505e-14,848.0111881578267,839.9990795982856,856.0232967173679,163.79915202501422,115.93828858266056,211.66001546736788,240.30838,237.1607,243.45604,-2.0608816,-3.2412138,-0.88054925,0.7839665,0.48452488,1.0834081,-1.2769151,-2.1578057,-0.39602438,-1.0,9446.481108568358,1.0082270429541254,0.02351134649279964,297811189495.96643,15551018977.118496,3.1306840870148188e-06,1226.728928749377,138.57962892366965,0.01859377790599868,0.022710813,0.65,-2.0608816,0.7839665,-1.2769151,240.30838,848.0111881578267,163.79915202501422,10649.599239758512,10649.599239758512,8.146812e-05,1.2422998e-06,92695.46,0.78100014,-239.0433,0.7159316191579309,0.7159316191579309,1.0,-4.950989549910641e-13,1.4917695e-12,3.066981e-16,3.869222080225969e-13,1.8324350171383052e-13,1.8324350171383052e-13,7.480000000000001e-16,4.3330375969455935e-14,9.966705830599214e-13,822.2520187621401,3.194735644044139e-14,7.049021653707759e-14,1.951469856542297e-12,8.146812e-05,1.2422998e-06,92695.46,0.78100014,-239.0433,0.7159316191579309,0.7159316191579309,1.0,-4.950989549910641e-13,1.4917695e-12,3.066981e-16,3.869222080225969e-13,1.8324350171383052e-13,1.8324350171383052e-13,7.480000000000001e-16,4.3330375969455935e-14,9.966705830599214e-13,822.2520187621401,3.194735644044139e-14,7.049021653707759e-14,1.951469856542297e-12
82,82,82,134.67259183843086,36.26647431971663,9494.52,885974.0,,179.026666512,0.594347652269454,34610D,223.57123,65.89414,10.021152,235.60119943789,67519.82540068375,0.4116883943133281,0.5032339758572955,36.11360799312966,37.8392500815774,24.68874338869886,9.19770862964588e-05,28546.8233779554,1.0183077695468603,0.3009467332760805,0.5760368408047013,cruise,15,GTF2035_wi,0,43031,1.237,3.16,3.16,14.304333302725205,2.1443343245101825,0.7860076095552245,18.92023401271606,12.794482008627837,25.42940528893037,1559000347605342.0,16.0954290470538,742.308647222858,1072.91040616015,0.00919770862965,0.0151435851465511,0.21436560667268,18.9196250407887,14.1555387709165,14.154236905447188,15.15896762441328,0.4997666377179164,394321923319692.5,0.5032339758572955,0.0010822922401226291,4.740891081755287e-06,3.16,35.8,2023-02-06 02:22:00,9.197709429507548e-05,1.0183079975592024,1.0,82,285.46823377955405,9.197709429507548e-05,65.89414,10.021152,1.0183079975592024,0.03219799,2.2811764e-06,0.44482001527859183,832.288544117385,10670.511229100326,-0.6947492500657577,-0.7192520278268718,2.2466340891320273,234.5421415081906,0.6250257579163241,0.0,1.0,227.76048648420743,28.117254249628648,53.11630587150474,1.0228220886284436,223.69994,9.348344777832447e-05,9467.961847064247,1.0,0.006028632719083191,0.0096089,106.23261174300949,0.44634836418614965,4.203334250418807e-06,521737663068.19696,-29553842519.594833,0 days 00:38:00,-1.836024633782885e-12,-2.772397197012156e-14,848.9920713626373,840.8616286650607,857.1225140602139,152.04724714388732,110.10045923146697,193.99403505630767,239.92618,237.40244,242.44992,-2.2798295,-3.647906,-0.9117532,0.8081707,0.47586882,1.1404725,-1.471659,-2.5074334,-0.43588436,-1.0,9457.295952647763,1.0053004478565546,0.03130892026151411,312994838072.0757,17450196777.555447,3.0838755551137673e-06,1292.1304812079736,135.32850756695115,0.019872362039705115,0.025359081,0.6333333333333333,-2.2798295,0.8081707,-1.471659,239.92618,848.9920713626373,152.04724714388732,10670.511229100326,10670.511229100326,8.2111124e-05,1.2323083e-06,92811.055,0.78030634,-236.15208,0.709364675591081,0.709364675591081,0.9999999999999999,-4.94674155401406e-13,1.4957053e-12,3.0592792e-16,3.8539848694593786e-13,1.7011650643489793e-13,1.7011650643489793e-13,7.48e-16,4.1285972965378844e-14,1.0010310777186656e-12,823.5069395497552,3.2712467977539714e-14,7.136904504326234e-14,1.8152300921688961e-12,8.2111124e-05,1.2323083e-06,92811.055,0.78030634,-236.15208,0.709364675591081,0.709364675591081,0.9999999999999999,-4.94674155401406e-13,1.4957053e-12,3.0592792e-16,3.8539848694593786e-13,1.7011650643489793e-13,1.7011650643489793e-13,7.48e-16,4.1285972965378844e-14,1.0010310777186656e-12,823.5069395497552,3.2712467977539714e-14,7.136904504326234e-14,1.8152300921688961e-12
83,83,83,134.58706307918467,36.19977660098319,9502.14,885974.0,,179.026666512,0.5957597325330204,34610D,223.61273,65.87834,10.432188,235.92665620151004,67483.71179269062,0.41215014537627076,0.4938989268944001,35.525152764120406,37.1276931626544,0.0,9.267878738044942e-05,28514.01921281096,1.0196789905397314,0.2960429397010033,0.5678837659152697,cruise,15,GTF2035_wi,0,43031,1.237,3.16,3.16,14.1668158637839,2.123709416252287,0.7870203144511256,18.563688855839537,12.70182401142822,24.94798181304814,1536277036796781.5,15.9073987337328,740.626183088042,1069.14257205908,0.00926787873804,0.0150455765414282,0.21089512528649,18.5638465813272,14.0170850020793,14.015786036025297,15.1615355488754,0.4951663636649512,385307170895832.5,0.4938989268944001,0.0010727743129487263,4.5887070331335765e-06,3.16,35.8,2023-02-06 02:23:00,9.267878241277659e-05,1.0196788498118567,1.0,83,285.1401921281096,9.267878241277659e-05,65.87834,10.432188,1.0196788498118567,0.034151927,2.3864156e-06,0.44422639814348874,834.2657392851203,10607.216996883126,-0.6933183157984066,-0.7206314682127483,2.2458164456163843,234.53820434670453,0.6261216898829285,0.0,1.0,227.76458628594125,28.117254249628648,52.63603220585011,1.023367862784048,223.73907,9.409564288398883e-05,9475.821983897074,1.0,0.006108228396744551,0.010111961,105.27206441170021,0.4457417114939853,4.296862181956197e-06,504117948561.7536,-28625774264.464825,0 days 00:37:00,-1.7783686394017537e-12,-2.6853366454966484e-14,849.980093704622,841.7327121634233,858.2274752458206,146.79201387063762,110.9883884329546,182.59563930832064,238.23747,237.64005,238.8349,-2.1973736,-3.6179912,-0.776756,0.7090188,0.35957387,1.0584638,-1.4883548,-2.5595274,-0.41718212,-1.0,9466.028992144526,1.002824281074489,0.03236717534176283,302739274000.15686,21774753897.094547,2.839032558331415e-06,1336.4781119414522,131.67503296184896,0.018867546949786543,0.028032769,0.6166666666666667,-2.1973736,0.7090188,-1.4883548,238.23747,849.980093704622,146.79201387063762,10607.216996883126,10607.216996883126,8.295514e-05,1.2438304e-06,92926.86,0.7832719,-233.2663,0.7028038425621924,0.7028038425621924,1.0,-4.942470239629083e-13,1.4993701e-12,3.07613e-16,3.835754097727264e-13,1.5722413837009906e-13,1.5722413837009906e-13,7.480000000000001e-16,3.927807430320172e-14,1.0051230122986168e-12,824.765534466027,3.1953388168049165e-14,7.004514093130535e-14,1.6677105528396192e-12,8.295514e-05,1.2438304e-06,92926.86,0.7832719,-233.2663,0.7028038425621924,0.7028038425621924,1.0,-4.942470239629083e-13,1.4993701e-12,3.07613e-16,3.835754097727264e-13,1.5722413837009906e-13,1.5722413837009906e-13,7.480000000000001e-16,3.927807430320172e-14,1.0051230122986168e-12,824.765534466027,3.1953388168049165e-14,7.004514093130535e-14,1.6677105528396192e-12
84,84,84,134.50195044659554,36.133611129502114,9502.14,885974.0,,179.026666512,0.5971597243050912,34610D,223.68828,65.773674,10.830705,235.9037895556956,67448.18663992651,0.41175448865064174,0.506286746126066,36.30864666596986,38.02606812378,24.7067274080104,9.377470862122996e-05,28514.01921281096,1.0221969956236432,0.3025720555497488,0.5811155263426285,cruise,15,GTF2035_wi,0,43031,1.237,3.16,3.16,14.336682630072673,2.14915797627467,0.7868111493490652,19.013044189595707,12.825655528017736,25.63868144837553,1568878235689589.0,16.1499662730409,743.502420630679,1074.95993232694,0.00937747086212,0.0151896532055759,0.21551876855218,19.01303406189,14.1885246249773,14.187194224972702,15.157954012456663,0.503048561813335,396669821715429.6,0.506286746126066,0.001087283268945083,4.800617324291451e-06,3.16,35.8,2023-02-06 02:24:00,9.377474391144617e-05,1.022197986107397,1.0,84,285.1401921281096,9.377474391144617e-05,65.773674,10.830705,1.022197986107397,0.037276022,2.5971717e-06,0.44407636210056445,836.2260055316996,10542.717622937002,-0.6966209839386193,-0.7174393387153998,2.2443080202261596,234.5309375664988,0.6281333254778836,0.0,1.0,227.77211475920168,28.117254249628648,52.14667882793107,1.0250261931419347,223.81213,9.510101241930427e-05,9476.066660586033,1.0,0.0061319078240700264,0.010853302,104.29335765586214,0.44557976016245454,4.7223386231909014e-06,550021236868.8484,-34391971464.96174,0 days 00:36:00,-2.1365921122494187e-12,-3.226254089496623e-14,850.9618872121946,842.5959970607787,859.3277773636104,141.2540625051633,113.88536473655995,168.62276027376663,235.81177,234.01172,237.61182,-2.5109801,-3.616115,-1.4058452,0.87556636,0.7857171,0.96541554,-1.6354139,-2.6506996,-0.62012804,-1.0,9467.180037795893,1.0113809002186291,0.018900394278726453,334658859405.417,25158183052.43903,3.398466956680555e-06,1423.2589061193958,128.06852471001503,0.022044929948021284,0.031627215,0.6,-2.5109801,0.87556636,-1.6354139,235.81177,850.9618872121946,141.2540625051633,10542.717622937002,10542.717622937002,8.434047e-05,1.2446643e-06,92965.77,0.7920534,-230.28822,0.7028038425621923,0.7028038425621923,1.0,-4.941333495487453e-13,1.502087e-12,3.08446e-16,3.8519214242807786e-13,1.4554320290760188e-13,1.4554320290760188e-13,7.48e-16,3.744675622100357e-14,1.0079536751971982e-12,826.0130604989602,3.329132546849035e-14,7.180199136499557e-14,1.5344208901926701e-12,8.434047e-05,1.2446643e-06,92965.77,0.7920534,-230.28822,0.7028038425621923,0.7028038425621923,1.0,-4.941333495487453e-13,1.502087e-12,3.08446e-16,3.8519214242807786e-13,1.4554320290760188e-13,1.4554320290760188e-13,7.48e-16,3.744675622100357e-14,1.0079536751971982e-12,826.0130604989602,3.329132546849035e-14,7.180199136499557e-14,1.5344208901926701e-12
85,85,85,134.4178009033203,36.06753540039063,9509.76,885974.0,,179.026666512,0.5985551782426771,34610D,223.72353,65.730446,11.230457,236.3863672316837,67411.87799326054,0.41216227587698934,0.5016493300053616,36.01695639281648,37.6380823629496,24.71601657911685,9.42895990030065e-05,28481.24557860217,1.0221906109596604,0.3001413032734706,0.5777375383295319,cruise,15,GTF2035_wi,0,43031,1.237,3.16,3.16,14.26875974174298,2.138968565627128,0.7883585847979763,18.818305871577728,12.78137767481392,25.40566515888643,1557879807414326.8,16.0576894190277,742.808694213226,1073.18837739259,0.0094289599003,0.0151408652084441,0.213792898874086,18.8190411814748,14.1202564008596,14.118925133070448,15.159084797490014,0.5011413678432304,391875177217453.2,0.5016493300053616,0.00108305461913296,4.7245745881504375e-06,3.16,35.8,2023-02-06 02:25:00,9.428964665346042e-05,1.0221919410445064,1.0,85,284.81245578602176,9.428964665346042e-05,65.730446,11.230457,1.0221919410445064,0.04045218,2.8691081e-06,0.44349605815020104,838.1799163454908,10738.180684731173,-0.6947777031661535,-0.7192245429510624,2.243284541709342,234.52600453842945,0.6283466024146968,0.0,1.0,227.7690246417865,28.117254249628648,51.52654309169059,1.0241420792974254,223.8447,9.551370228028112e-05,9483.996728454154,1.0,0.006231824881018611,0.0115694655,103.05308618338118,0.44498244078718097,4.7599577493165516e-06,539758294554.29724,-46739828645.53428,0 days 00:35:00,-2.9036994670014352e-12,-4.384586195172167e-14,851.9458813102488,843.4632820289169,860.4284805915808,133.67192501142068,117.48378984141686,149.8600601814245,233.57257,229.54701,237.59814,-2.7870739,-3.417512,-2.1566358,1.0035493,0.8510278,1.156071,-1.7835245,-2.5664842,-1.0005648,-1.0,9475.55894519157,1.0208579197680159,0.00809599499729594,333765709642.39056,28315865407.169674,3.793856592695e-06,1500.8189936114009,124.03739962927102,0.02366932046919678,0.03486859,0.5833333333333334,-2.7870739,1.0035493,-1.7835245,233.57257,851.9458813102488,133.67192501142068,10738.180684731173,10738.180684731173,8.518444e-05,1.2620624e-06,93080.87,0.7967047,-227.15729,0.696249115720435,0.696249115720435,1.0,-4.937072770770236e-13,1.5055384e-12,3.1137138e-16,3.831037375252491e-13,1.3201976528421857e-13,1.3201976528421857e-13,7.479999999999999e-16,3.53363390636071e-14,1.0118311719654635e-12,827.2588944719745,3.298449965787263e-14,7.114430930082438e-14,1.417652093577739e-12,8.518444e-05,1.2620624e-06,93080.87,0.7967047,-227.15729,0.696249115720435,0.696249115720435,1.0,-4.937072770770236e-13,1.5055384e-12,3.1137138e-16,3.831037375252491e-13,1.3201976528421857e-13,1.3201976528421857e-13,7.479999999999999e-16,3.53363390636071e-14,1.0118311719654635e-12,827.2588944719745,3.298449965787263e-14,7.114430930082438e-14,1.417652093577739e-12
86,86,86,134.33195114135742,36.00041198730469,9517.38,885974.0,TVJ571,179.026666512,0.5999533744589796,34610D,223.75856,65.6857,11.637196,236.46832319388724,67375.86103686772,0.4122958074689529,0.4993655930032351,35.87292202890565,37.4658854667634,43.27060486123224,9.489540560926432e-05,28448.502453585726,1.0231636751437436,0.2989410169075471,0.5764708126358881,cruise,15,GTF2035_wi,0,43031,1.237,3.16,3.16,14.228315210098602,2.132897079771792,0.788570192522092,18.73244317055578,12.75792947680679,25.318798350605803,1553779671915344.5,16.0069459664004,742.57540548394,1072.58689845224,0.00948954056093,0.0151242045931301,0.212948022268372,18.7329427333817,14.0799485326388,14.078612536991686,15.159399193714492,0.5005000100304183,389605250408814.4,0.4993655930032351,0.0010812347178374897,4.691143091892252e-06,3.16,35.8,2023-02-06 02:26:00,9.489541166650136e-05,1.0231638433021366,1.0,86,284.48502453585735,9.489541166650136e-05,65.6857,11.637196,1.0231638433021366,0.043814577,3.1619543e-06,0.4429168475130226,840.1376663520418,10836.33493279877,-0.6948997757687035,-0.7191065996336049,2.2412158554093953,234.51602766880063,0.6291599613014803,0.0,1.0,227.76550502268387,28.117254249628648,50.956204533550476,1.0242391880436827,223.87732,9.602033924299729e-05,9491.901897733223,1.0,0.006333611004304771,0.012371317,101.91240906710095,0.4443873717943406,4.914925862894923e-06,540645864715.5227,-48780408469.73203,0 days 00:34:00,-3.0304699477584937e-12,-4.5760096211153257e-14,852.945888603944,844.3448274501525,861.5469497577355,133.73183831097526,121.34482745015248,146.11884917179805,230.90726,225.03105,236.78345,-2.7979376,-3.3412595,-2.2546158,0.9946134,0.7705359,1.2186909,-1.8033242,-2.5707235,-1.0359249,-1.0,9483.779432980831,1.0252610925849912,0.005115053960089797,340473913609.68005,31712156615.84948,3.882274499413676e-06,1589.8954230819745,119.89031860587589,0.023863595096144496,0.039550636,0.5666666666666667,-2.7979376,0.9946134,-1.8033242,230.90726,852.945888603944,133.73183831097526,10836.33493279877,10836.33493279877,8.608874e-05,1.2809198e-06,93196.33,0.80189234,-223.94603,0.6897004907171471,0.6897004907171471,1.0000000000000002,-4.932797172585518e-13,1.5089905e-12,3.1462404e-16,3.8096569433892036e-13,1.184172612708931e-13,1.184172612708931e-13,7.48e-16,3.3213625622031404e-14,1.0157107527430062e-12,828.5244821473834,3.290484870145947e-14,7.08204278921932e-14,1.2832091049561377e-12,8.608874e-05,1.2809198e-06,93196.33,0.80189234,-223.94603,0.6897004907171471,0.6897004907171471,1.0000000000000002,-4.932797172585518e-13,1.5089905e-12,3.1462404e-16,3.8096569433892036e-13,1.184172612708931e-13,1.184172612708931e-13,7.48e-16,3.3213625622031404e-14,1.0157107527430062e-12,828.5244821473834,3.290484870145947e-14,7.08204278921932e-14,1.2832091049561377e-12
87,87,87,134.24540519714355,35.93266296386719,9530.715,885974.0,,178.85518503066666,0.6013517178507292,34610D,223.77065,65.75151,12.014454,236.17356823823067,67339.98811483881,0.4122370179387553,0.4991470008078284,35.85804370843952,37.4908771437768,55.65880910448672,9.512990194863876e-05,28391.27533218923,1.0221109771479524,0.2988170309036626,0.5773288248426175,cruise,15,GTF2035_wi,0,43031,1.237,3.16,3.16,14.208398138628723,2.1299080772725336,0.7875659292037909,18.745543732619137,12.7521054482699,25.384640651462387,1556887445303364.2,15.9888911188452,742.736367924161,1073.10626673776,0.00951299019486,0.0151396815483971,0.212869903557828,18.7454385718884,14.0603950537101,14.059057616937508,15.159234509982566,0.5009425282734598,389681019874963.1,0.4991470008078284,0.001081394895488831,4.696242788126465e-06,3.16,35.8,2023-02-06 02:27:00,9.512984260444773e-05,1.0221093354130324,1.0,87,283.9127533218923,9.512984260444773e-05,65.75151,12.014454,1.0221093354130324,0.047605436,3.537393e-06,0.44200199220022285,842.0956215270631,10749.741032539987,-0.698057220429674,-0.7160419799187738,2.236484147727756,234.49317690923328,0.6285859928240383,0.0,1.0,227.74004315988876,28.117254249628648,50.37254449059677,1.0228592177808427,223.8877,9.621075371502904e-05,9505.528727754701,1.0,0.006497059905283038,0.0132601755,100.74508898119355,0.44345399415602,4.919631525690835e-06,542527430854.0467,-88077741527.07901,0 days 01:03:00,-5.4718063488515815e-12,-8.26242758676589e-14,854.4010608373674,845.2384271518763,862.6917974938915,188.24564498450286,126.6754388706263,293.78516489758454,228.69344,220.6916,235.51025,-2.211939,-3.375882,-1.0497485,0.97584724,0.7014188,1.1820971,-1.236092,-2.674463,-0.0057228804,-1.0,9498.018230704676,1.0179405966267303,0.016017839865005757,338498794366.8482,29213358644.869324,5.048948621031284e-06,3236.404469677553,154.74228884140317,0.021285563915130385,0.042398106,1.05,-2.211939,0.97584724,-1.236092,228.69344,854.4010608373674,188.24564498450286,10749.741032539987,10749.741032539987,8.694764e-05,1.3146625e-06,93369.86,0.8072468,-221.63335,0.6782550664378459,0.6782550664378459,1.0,-4.926119189062945e-13,1.5131477e-12,3.1920302e-16,3.760863942378229e-13,1.076979566890333e-13,1.076979566890333e-13,7.480000000000002e-16,3.156584076122122e-14,1.0205357447646834e-12,829.7976167659676,3.305158204728012e-14,7.078942697216691e-14,1.1577251441408156e-12,8.694764e-05,1.3146625e-06,93369.86,0.8072468,-221.63335,0.6782550664378459,0.6782550664378459,1.0,-4.926119189062945e-13,1.5131477e-12,3.1920302e-16,3.760863942378229e-13,1.076979566890333e-13,1.076979566890333e-13,7.480000000000002e-16,3.156584076122122e-14,1.0205357447646834e-12,829.7976167659676,3.305158204728012e-14,7.078942697216691e-14,1.1577251441408156e-12
88,88,88,134.15998966135876,35.8651507102837,9547.86,885974.0,,178.68370354933333,0.6027439422408358,34610D,223.76503,65.89568,12.401598,235.82367751264528,67304.13007113038,0.4127698692854889,0.4797068044268758,34.63343793305843,36.1308266288418,0.0,9.53819564575724e-05,28317.834610951,1.0228728735883066,0.2886119827754869,0.5588014745983986,cruise,15,GTF2035_wi,0,43031,1.237,3.16,3.16,13.910223755446744,2.0852067789604543,0.7864090754179495,18.06487096792311,12.551672330618132,24.41155414508375,1510957514097710.5,15.5848298552489,738.766678208791,1065.13870151504,0.00953819564576,0.0149431576336377,0.205635458295571,18.0654133144209,13.7611784160449,13.759865973107791,15.163804836293066,0.4901484591995206,372198169440950.6,0.4797068044268758,0.0010599186848793208,4.385219489200197e-06,3.16,35.8,2023-02-06 02:28:00,9.538196282372538e-05,1.0228730493711806,1.0,88,283.17834610951,9.538196282372538e-05,65.89568,12.401598,1.0228730493711806,0.0499443,3.8017154e-06,0.4408697223767375,844.0450071069807,10741.624682517497,-0.6963774991117568,-0.7176756779568715,2.2327235715682097,234.47498550082383,0.6290210263729734,0.0,1.0,227.7261410699887,28.117254249628648,49.75960493671599,1.0231140120659354,223.88019,9.639980926390171e-05,9522.980197531642,1.0,0.006707882767900912,0.014204859,99.51920987343198,0.4423020966445007,4.895938540349337e-06,499543705614.34357,-99519322645.72568,0 days 01:02:00,-6.1826115434496215e-12,-9.33574343060893e-14,855.5328075711514,846.13182243381,863.8369809181461,189.15489822870344,129.3473375705288,295.9596364513417,226.28572,217.29886,234.11633,-2.6867752,-4.125234,-1.7768408,1.2072188,0.7783108,1.6682296,-1.4795564,-3.3469234,-0.108611226,-1.0,9518.934913945859,1.032656220680579,0.006724075564607469,301175369865.09454,43772658103.49113,6.195079825945907e-06,3313.324214625838,150.6771229936838,0.027016486303450587,0.04581937,1.0333333333333334,-2.6867752,1.2072188,-1.4795564,226.28572,855.5328075711514,189.15489822870344,10741.624682517497,10741.624682517497,8.7544395e-05,1.3744303e-06,93580.945,0.8124728,-220.47989,0.6635669221902003,0.6635669221902003,1.0,-4.917882152616855e-13,1.5176438e-12,3.2515578e-16,3.69321255091695e-13,1.0109403705279628e-13,1.0109403705279628e-13,7.480000000000001e-16,3.0584324237457096e-14,1.0258555791660234e-12,831.066276119031,3.12957887886171e-14,6.803240276926309e-14,1.0859142036616549e-12,8.7544395e-05,1.3744303e-06,93580.945,0.8124728,-220.47989,0.6635669221902003,0.6635669221902003,1.0,-4.917882152616855e-13,1.5176438e-12,3.2515578e-16,3.69321255091695e-13,1.0109403705279628e-13,1.0109403705279628e-13,7.480000000000001e-16,3.0584324237457096e-14,1.0258555791660234e-12,831.066276119031,3.12957887886171e-14,6.803240276926309e-14,1.0859142036616549e-12
89,89,89,134.07451629638672,35.7978515625,9547.86,885974.0,TVJ571,178.512222068,0.6041268205288448,34610D,223.83968,65.813896,12.746816,235.0561165254707,67269.49663319731,0.41258279570840223,0.4720052509653778,34.14560047246636,35.6506807050462,-24.754507942399727,9.632596083973378e-05,28317.834610951,1.0235728525239247,0.2845466706038863,0.5511633312378089,cruise,15,GTF2035_wi,0,43031,1.237,3.16,3.16,13.78236791689036,2.066027587701313,0.783718741713054,17.825333359176167,12.46771787819356,24.030897168537045,1492990407749881.5,15.4167540025965,737.079060843834,1062.08762077724,0.00963259608397,0.014871837204155,0.20277040268475,17.8253403525231,13.6345227493546,13.633209517348511,15.164006810550893,0.4857782266384389,365588048056440.8,0.4720052509653778,0.001051182116968065,4.26575998385369e-06,3.16,35.8,2023-02-06 02:29:00,9.632589709486676e-05,1.0235711084518277,1.0,89,283.17834610951,9.632589709486676e-05,65.813896,12.746816,1.0235711084518277,0.054752674,4.232435e-06,0.44072269337466147,845.9813040687831,10624.020641840409,-0.6976294933043186,-0.716458714841239,2.2320143377108015,234.47155161616578,0.629910938425624,0.0,1.0,227.72929042423814,28.117254249628648,49.41894649234472,1.023137977989992,223.95387,9.727976827120683e-05,9523.150526753829,1.0,0.006722681541666873,0.015244526,98.83789298468945,0.4421451917520715,4.947180852226148e-06,485289013327.3564,-119086262168.65123,0 days 01:01:00,-7.398202475424438e-12,-1.1171285737890901e-13,856.6768805295509,847.0203666154082,864.9910676443914,192.5463873654884,132.3923148575957,305.1056331101032,224.68901,216.01889,232.17133,-4.0402317,-7.2292585,-2.323488,1.6123271,1.1973499,2.2942576,-2.4279044,-6.0319085,-0.029230356,-1.0,9521.336677395871,1.0444202091664774,0.01902509158080322,375633127159.1242,80705842692.9982,6.372055302983793e-06,3316.233696103718,146.83616124858295,0.040664973083017544,0.053492423,1.0166666666666666,-4.0402317,1.6123271,-2.4279044,224.68901,856.6768805295509,192.5463873654884,10624.020641840409,10624.020641840409,8.9289e-05,1.3747996e-06,93620.04,0.82575953,-219.52916,0.6635669221902003,0.6635669221902003,1.0,-4.916710324891369e-13,1.5204012e-12,3.2669044e-16,3.707354312630805e-13,9.757312214736285e-14,9.757312214736285e-14,7.479999999999999e-16,3.0059881922098417e-14,1.0287301498298862e-12,832.3309308854938,3.062509980117601e-14,6.694016229611065e-14,1.0366188637823984e-12,8.9289e-05,1.3747996e-06,93620.04,0.82575953,-219.52916,0.6635669221902003,0.6635669221902003,1.0,-4.916710324891369e-13,1.5204012e-12,3.2669044e-16,3.707354312630805e-13,9.757312214736285e-14,9.757312214736285e-14,7.479999999999999e-16,3.0059881922098417e-14,1.0287301498298862e-12,832.3309308854938,3.062509980117601e-14,6.694016229611065e-14,1.0366188637823984e-12
90,90,90,133.99019281914894,35.73117013704979,9540.24,885974.0,TVJ571,175.939999848,0.6054983177836093,34610D,223.94696,65.58488,13.028393,234.31154314667427,67235.35103272485,0.41174618652718314,0.4835516069858566,34.85548243210924,36.5645447872336,24.76184669937914,9.758179619354656e-05,28350.455916417388,1.0245364251964295,0.2904623536009103,0.5625285192349047,cruise,15,GTF2035_wi,0,43031,1.237,3.16,3.16,13.942880516677672,2.090071506176721,0.7810490443270994,18.28251222531041,12.578955998165268,24.672319476309035,1523265704218000.2,15.6422649126809,739.600957361525,1067.53359071717,0.00975817961935,0.0150114615946776,0.207085601252715,18.2822723936168,13.795165776938,13.793819751230306,15.161989714255016,0.4923829618660061,376644089770984.6,0.4835516069858566,0.0010639256799708284,4.459109060063849e-06,3.16,35.8,2023-02-06 02:30:00,9.758187511435532e-05,1.0245385587051918,1.0,90,283.50455916417394,9.758187511435532e-05,65.58488,13.028393,1.0245385587051918,0.062325586,4.8707298e-06,0.44101902495344913,847.901662832448,10419.302467749327,-0.6974960134482021,-0.7165886625002279,2.2314099621102934,234.4686246600869,0.631169583964471,0.0,1.0,227.7355669185711,28.117254249628648,49.281200405514134,1.0236034778038399,224.06175,9.850687995882724e-05,9515.599399797242,1.0,0.0066016478313665064,0.016241228,98.56240081102827,0.44243645574261015,5.199954787615931e-06,520034957132.97986,-49122477998.9368,0 days 01:00:00,-3.0517209266005864e-12,-4.608098599166886e-14,862.8009653557052,859.4504553850986,866.1514753263118,219.42041115648647,140.75590647865556,298.08491583431737,227.08643,225.1975,228.97534,-1.6005756,-1.611316,-1.5898352,1.3574098,0.9818974,1.7329222,-0.24316576,-0.62941855,0.14308703,-1.0,9505.688254934228,1.0522870235640407,0.006117563677081603,116360788077.10674,6110700033.085741,1.3038455075705254e-05,5578.922609520849,197.08603695039446,0.01998504206805079,0.060798697,1.0,-1.6005756,1.3574098,-0.24316576,227.08643,862.8009653557052,219.42041115648647,10419.302467749327,10419.302467749327,9.167483e-05,1.3322748e-06,93582.36,0.84299284,-218.72145,0.6700911832834788,0.6700911832834788,0.9999999999999998,-4.918695011257161e-13,1.5224701e-12,3.267963e-16,3.759458106660374e-13,9.551185203343496e-14,9.551185203343496e-14,7.480000000000001e-16,2.975449967210832e-14,1.0306005427121044e-12,833.582782866566,3.181234910519742e-14,6.857767574401978e-14,9.951668755912775e-13,9.167483e-05,1.3322748e-06,93582.36,0.84299284,-218.72145,0.6700911832834788,0.6700911832834788,0.9999999999999998,-4.918695011257161e-13,1.5224701e-12,3.267963e-16,3.759458106660374e-13,9.551185203343496e-14,9.551185203343496e-14,7.480000000000001e-16,2.975449967210832e-14,1.0306005427121044e-12,833.582782866566,3.181234910519742e-14,6.857767574401978e-14,9.951668755912775e-13
91,91,91,133.9075469970703,35.66578674316406,9547.86,885974.0,TVJ571,172.853333184,0.6068506295098288,34610D,223.9724,65.538185,13.2879505,233.87062742103632,67200.49555029275,0.4119459264078257,0.4717780052468053,34.11650983081569,35.7588596292364,0.0,9.85183654521675e-05,28317.834610951,1.029963780969743,0.2843042485901307,0.5512140332787542,cruise,15,GTF2035_wi,0,43031,1.237,3.16,3.16,13.756879219265793,2.062176577635464,0.7795350562473158,17.879360185853116,12.455523043018356,24.08210083506512,1495407233865232.5,15.3934611832994,737.109408557049,1062.6827356896,0.00985183654522,0.0148933444142598,0.202697204304132,17.8794298146182,13.6099185425442,13.608577847698514,15.163357226413856,0.485856814692343,366105953030386.06,0.4717780052468053,0.0010508350568491968,4.272560697360791e-06,3.16,35.8,2023-02-06 02:31:00,9.851833059583885e-05,1.0299628426943916,1.0,91,283.17834610951,9.851833059583885e-05,65.538185,13.2879505,1.0299628426943916,0.070858225,5.634695e-06,0.440461533000148,849.7951544887183,10221.161685112325,-0.699872332522578,-0.7142679596407822,2.2296012566079715,234.45986101261002,0.6346694616170901,0.0,1.0,227.75254716608882,28.117254249628648,49.18356538301601,1.0292128070022248,224.09009,9.950623973785686e-05,9523.268217308492,1.0,0.006519903236668085,0.017101226,98.36713076603202,0.4418685703435843,5.620204934494461e-06,505822921630.4896,-47940509654.87818,0 days 00:59:00,-2.978291456486697e-12,-4.497220099294912e-14,864.0923286551149,860.8593495461947,867.325307764035,226.23005448519297,142.9315699710662,309.5285389993197,224.58722,223.63988,225.53455,-1.5384526,-1.6773807,-1.3995245,1.2901149,1.011167,1.5690626,-0.24833775,-0.66621363,0.16953814,-1.0,9512.754452788486,1.0455452261139313,0.007218217446066021,108493706171.8463,7230289166.505455,1.3213876196654003e-05,5491.909278636016,196.65680072742725,0.019376840439006903,0.065503314,0.9833333333333333,-1.5384526,1.2901149,-0.24833775,224.58722,864.0923286551149,226.23005448519297,10221.161685112325,10221.161685112325,9.36383e-05,1.3130327e-06,93696.664,0.85770553,-218.27852,0.6635669221902003,0.6635669221902003,0.9999999999999999,-4.914396758114742e-13,1.5261949e-12,3.3197897e-16,3.7409341496107954e-13,9.294159037783017e-14,9.294159037783017e-14,7.48e-16,2.9402451524535603e-14,1.0347552369365777e-12,834.8072888250102,3.0779469201536086e-14,6.690793412650612e-14,9.49971022523282e-13,9.36383e-05,1.3130327e-06,93696.664,0.85770553,-218.27852,0.6635669221902003,0.6635669221902003,0.9999999999999999,-4.914396758114742e-13,1.5261949e-12,3.3197897e-16,3.7409341496107954e-13,9.294159037783017e-14,9.294159037783017e-14,7.48e-16,2.9402451524535603e-14,1.0347552369365777e-12,834.8072888250102,3.0779469201536086e-14,6.690793412650612e-14,9.49971022523282e-13
92,92,92,133.82680040724733,35.60142905025159,9547.86,885974.0,TVJ571,172.33888874,0.6081878412462415,34610D,224.03401,65.396805,13.515234,233.1131972443524,67166.37904046192,0.41111243721640667,0.4851265048270104,34.94218282492781,36.8154570344554,24.77694773044932,9.97296388744209e-05,28317.834610951,1.0347823475600726,0.2911848568743984,0.5646819975090278,cruise,15,GTF2035_wi,0,43031,1.237,3.16,3.16,13.937779101919254,2.089276855611342,0.7769035532316941,18.40812693349725,12.584442700348378,24.854527764822137,1531865981892851.0,15.6513055779597,740.045406181815,1069.08951343546,0.00997296388744,0.0150578732199859,0.207685821328797,18.4077285172277,13.7925069692539,13.791131584681288,15.159395930252572,0.4935896031099172,378933230077314.4,0.4851265048270104,0.0010658158664111556,4.497785993997329e-06,3.16,35.8,2023-02-06 02:32:00,9.972969823734482e-05,1.034783933491058,1.0,92,283.17834610951,9.972969823734482e-05,65.396805,13.515234,1.034783933491058,0.08027008,6.442159e-06,0.44034040480604864,851.6675001847041,10376.171965073801,-0.6996443211149866,-0.7144913043078618,2.2264478894244,234.4445670805207,0.6380254316922257,0.0,1.0,227.76253846912988,28.117254249628648,49.231832500390084,1.0341378790472056,224.15486,0.000100778059339265,9523.244083749805,1.0,0.006364186894832074,0.017939458,98.46366500078017,0.4417425176755461,6.247446849794138e-06,555397839960.807,-57522600247.548874,0 days 00:58:00,-3.5735762949850456e-12,-5.3961002054274186e-14,865.3756041764659,862.2639297959502,868.4872785569817,229.5435424088878,149.17563304916916,309.9114517686064,222.62729,221.50546,223.74913,-1.5857204,-1.834571,-1.3368698,1.2723689,1.0763898,1.4683479,-0.31335157,-0.7581812,0.13147807,-1.0,9515.278704285653,1.0420267493904125,0.01392577351737149,121223199259.66907,7342406537.50084,1.2670032258323781e-05,5634.16265292509,195.40342532744953,0.01961799868064432,0.069819264,0.9666666666666667,-1.5857204,1.2723689,-0.31335157,222.62729,865.3756041764659,229.5435424088878,10376.171965073801,10376.171965073801,9.592059e-05,1.2825859e-06,93734.04,0.87429464,-217.95015,0.6635669221902003,0.6635669221902003,1.0000000000000002,-4.91326271112318e-13,1.5291191e-12,3.339991e-16,3.758760098409423e-13,9.172555119896292e-14,9.172555119896292e-14,7.480000000000001e-16,2.924939292508725e-14,1.0377927418907883e-12,836.0125853653026,3.219578832605118e-14,6.88010290157705e-14,9.517600928316207e-13,9.592059e-05,1.2825859e-06,93734.04,0.87429464,-217.95015,0.6635669221902003,0.6635669221902003,1.0000000000000002,-4.91326271112318e-13,1.5291191e-12,3.339991e-16,3.758760098409423e-13,9.172555119896292e-14,9.172555119896292e-14,7.480000000000001e-16,2.924939292508725e-14,1.0377927418907883e-12,836.0125853653026,3.219578832605118e-14,6.88010290157705e-14,9.517600928316207e-13
93,93,93,133.7448704496343,35.53611626059322,9555.48,885974.0,TVJ571,173.367777628,0.6095279517026031,34610D,224.06033,65.41721,13.786491,233.10485604910545,67131.436857637,0.41058869816248467,0.50364201878228,36.12029604814422,38.1732436978326,74.36175245280009,0.000100606457409,28285.243706121,1.039322270505345,0.3010024670678685,0.5846409627814572,cruise,15,GTF2035_wi,0,43031,1.237,3.16,3.16,14.186966422786224,2.1266176629847555,0.7768300870933006,19.086972532566566,12.77087024261248,25.925584178195567,1582420117687715.5,16.0111853967215,744.38136222478,1077.97585659796,0.0100606457409,0.0152789654704177,0.214605996140657,19.0866218489163,14.0458460067971,14.04443304614201,15.15212907953172,0.5054875403982334,396044017204632.5,0.50364201878228,0.0010878640835890892,4.816062339655689e-06,3.16,35.8,2023-02-06 02:33:00,0.00010060649871343107,1.0393233691680352,1.0,93,282.8524370612101,0.00010060649871343107,65.41721,13.786491,1.0393233691680352,0.087448925,7.1050813e-06,0.4397819519147688,853.5439041756937,10527.982206904859,-0.701351328403382,-0.7128157645190035,2.2219110579508627,234.4225296549199,0.6409897032042808,0.0,1.0,227.76350873219957,28.117254249628648,49.07341608604405,1.0388231940727857,224.18355,0.0001017088669931218,9530.943291956977,1.0,0.006290363182522185,0.018813416,98.1468321720881,0.4411727394632195,6.929145284207096e-06,619543427106.5441,-71695878560.9657,0 days 01:27:00,-4.454087453817964e-12,-6.725672055265127e-14,855.3092985237636,832.6121963104785,869.6549148755146,250.17634360839904,157.54120637942083,299.43250881047845,222.58496,216.5387,227.18161,-1.1777266,-1.9304321,-0.30602115,0.9056735,0.33431354,1.2906289,-0.27205303,-0.838354,0.028292388,-1.0,9498.520836130343,1.0326562438543692,0.01627622949551517,137023898570.7774,8096168572.992167,1.1099110350621065e-05,8633.38197204047,254.76794047030089,0.014344585037586913,0.0731242,1.45,-1.1777266,0.9056735,-0.27205303,222.58496,855.3092985237636,250.17634360839904,10527.982206904859,10527.982206904859,9.7702665e-05,1.2992657e-06,93848.195,0.88831264,-217.6998,0.6570487412242016,0.6570487412242016,1.0,-4.908959748597928e-13,1.5328527e-12,3.3694237e-16,3.73966570880116e-13,8.990652855982093e-14,8.990652855982093e-14,7.479999999999999e-16,2.901542514728224e-14,1.0419567843965111e-12,837.2357690415596,3.425291617813048e-14,7.142691401731798e-14,9.465343329623783e-13,9.7702665e-05,1.2992657e-06,93848.195,0.88831264,-217.6998,0.6570487412242016,0.6570487412242016,1.0,-4.908959748597928e-13,1.5328527e-12,3.3694237e-16,3.73966570880116e-13,8.990652855982093e-14,8.990652855982093e-14,7.479999999999999e-16,2.901542514728224e-14,1.0419567843965111e-12,837.2357690415596,3.425291617813048e-14,7.142691401731798e-14,9.465343329623783e-13
94,94,94,133.66200548537233,35.46968621722722,9578.34,885974.0,TVJ571,175.939999848,0.6108738932361237,34610D,224.02393,65.82549,14.112145,233.69690077626737,67095.31656158886,0.4112322032747744,0.4988455883209329,35.82174214840644,37.7730225752326,24.79865398471546,0.0001002448831295,28187.653178712408,1.0366275158073632,0.2985145179033869,0.5818252560493212,cruise,15,GTF2035_wi,0,43031,1.237,3.16,3.16,14.111102905161545,2.115250869912674,0.7788663867735707,18.88607344942076,12.724438543961424,25.738968727693223,1573611820843293.5,15.9103546935126,743.782943310156,1076.40498093685,0.010024488313,0.0152359152346714,0.212819233813891,18.8865112876163,13.968260556451,13.966860450157489,15.154808654097488,0.5038197752907465,391139281617071.3,0.4988455883209329,0.001083574585492814,4.7409052235182315e-06,3.16,35.8,2023-02-06 02:34:00,0.0001002448745539157,1.0366272874721738,1.0,94,281.87653178712407,0.0001002448745539157,65.82549,14.112145,1.0366272874721738,0.090987824,7.5544613e-06,0.43833581449411313,855.4284727430484,10553.013859255634,-0.700134220706173,-0.7140112555108356,2.2166643695297514,234.39699445020548,0.6390988539614472,0.0,1.0,227.72583060552515,28.117254249628648,48.60661484811948,1.0362786135576283,224.14731,0.000101363760086022,9554.03669257594,1.0,0.006419284178714974,0.019692097,97.21322969623895,0.43970723434273856,6.693080830636027e-06,600508396476.7178,-107187005497.53815,0 days 00:56:00,-6.658964308428599e-12,-1.0055036105727186e-13,856.702938162835,834.2108208093726,870.8342807617915,227.49824659382466,168.6304843750728,286.3583427820289,221.62239,211.59396,229.17555,-1.2581359,-1.8362637,-0.44414613,0.85846776,0.42231268,1.1386793,-0.39966813,-0.82185245,-0.02183345,-1.0,9518.120190368027,1.0339877167285128,0.01447390870155556,124184526259.44426,10242829885.354671,1.1744032534934085e-05,8342.873489831485,250.3927841044416,0.01406492712364725,0.080644615,1.4333333333333333,-1.2581359,0.85846776,-0.39966813,221.62239,856.702938162835,227.49824659382466,10553.013859255634,10553.013859255634,9.845913e-05,1.3994347e-06,94114.49,0.8935263,-216.39943,0.6375306357424813,0.6375306357424813,1.0000000000000002,-4.898352788275601e-13,1.5381029e-12,3.3942574e-16,3.6464642881460865e-13,8.260898845872732e-14,8.260898845872732e-14,7.480000000000002e-16,2.7932342054495706e-14,1.0482675514815444e-12,838.4779424042271,3.3997606210869426e-14,7.074668041214538e-14,8.717738001040381e-13,9.845913e-05,1.3994347e-06,94114.49,0.8935263,-216.39943,0.6375306357424813,0.6375306357424813,1.0000000000000002,-4.898352788275601e-13,1.5381029e-12,3.3942574e-16,3.6464642881460865e-13,8.260898845872732e-14,8.260898845872732e-14,7.480000000000002e-16,2.7932342054495706e-14,1.0482675514815444e-12,838.4779424042271,3.3997606210869426e-14,7.074668041214538e-14,8.717738001040381e-13
95,95,95,133.57887268066406,35.40321350097656,9585.96,885974.0,TVJ571,175.939999848,0.612213075083386,34610D,224.06993,66.02169,14.312992,234.5209055212977,67059.49481944044,0.41194647171668936,0.4894035022488924,35.22650362215361,36.9919935624614,-24.80792277961002,0.0001003325101219,28155.18365974468,1.0305136383877664,0.2935541968512801,0.5737414425513896,cruise,15,GTF2035_wi,0,43031,1.237,3.16,3.16,13.980479744227454,2.095669265008671,0.7815323506785118,18.49573881752525,12.633492578372396,25.22114422289598,1549170372188897.5,15.7265369207298,742.08642788569,1072.33519452298,0.0100332510122,0.0151270796918578,0.20929049853837,18.4959967812307,13.8354859498111,13.834097940039504,15.158612320582424,0.4991557118987103,381571498802814.6,0.4894035022488924,0.001073964687726957,4.581895186918732e-06,3.16,35.8,2023-02-06 02:35:00,0.00010033255832782518,1.0305149132299865,1.0,95,281.5518365974468,0.00010033255832782518,66.02169,14.312992,1.0305149132299865,0.09845842,8.19969e-06,0.43774100932084475,857.3035745906117,10408.792251111161,-0.7014735382345161,-0.712695499604669,2.216800478135085,234.39765755482506,0.6356170099722986,0.0,1.0,227.70120494545174,28.117254249628648,48.289138691524435,1.0300194560408658,224.19363,0.00010144358661309417,9561.815430654236,1.0,0.006419658273445634,0.020388665,96.57827738304887,0.43909977647316917,6.039744990162541e-06,555828820103.8689,-131274287538.02977,0 days 00:55:00,-8.15538032126675e-12,-1.2314624285112795e-13,869.2939827572717,866.546877029634,872.0410884849094,165.82273031586544,152.14099324057145,179.50446739115944,215.52985,206.90344,224.15625,-1.6511172,-1.6965256,-1.6057088,0.9216368,0.9116403,0.93163335,-0.7294804,-0.7848853,-0.6740755,-1.0,9560.66978462717,1.0366354162525862,0.015943174191685536,113721945985.57901,12273157744.4727,1.1423612066913954e-05,5380.551627253277,188.2859167702661,0.015893508247081564,0.084490426,0.9166666666666666,-1.6511172,0.9216368,-0.7294804,215.52985,869.2939827572717,165.82273031586544,10408.792251111161,10408.792251111161,9.9955396e-05,1.436164e-06,94226.95,0.8994028,-214.18039,0.6310367319489365,0.6310367319489365,1.0,-4.894093905260734e-13,1.5418634e-12,3.3626972e-16,3.62826292988263e-13,7.395256944543257e-14,7.395256944543257e-14,7.479999999999999e-16,2.659858327231371e-14,1.0524540342634256e-12,839.7186076266921,3.31903217370244e-14,6.940759621173972e-14,7.697569317933785e-13,9.9955396e-05,1.436164e-06,94226.95,0.8994028,-214.18039,0.6310367319489365,0.6310367319489365,1.0,-4.894093905260734e-13,1.5418634e-12,3.3626972e-16,3.62826292988263e-13,7.395256944543257e-14,7.395256944543257e-14,7.479999999999999e-16,2.659858327231371e-14,1.0524540342634256e-12,839.7186076266921,3.31903217370244e-14,6.940759621173972e-14,7.697569317933785e-13
96,96,96,133.49709368766622,35.3375244140625,9578.34,885974.0,TVJ571,174.396666516,0.613538655239785,34610D,224.19144,65.96342,14.429312,235.1837666029081,67024.26831581829,0.41173374349001,0.5031262552433297,36.10183775192386,37.9024723298146,0.0,0.0001011868697739,28187.653178712408,1.0251247417172755,0.3008486479326988,0.588899858781414,cruise,15,GTF2035_wi,0,43031,1.237,3.16,3.16,14.17929002391616,2.125458745614288,0.7835289534595284,18.951459103707936,12.777266467733895,25.941667083436705,1583179234915701.2,16.0055155011052,745.455588838427,1078.64442953167,0.0101186869774,0.0152771140002805,0.214422270133819,18.9512361649073,14.0355220318368,14.034101964988874,15.155075955470291,0.5084848200006095,393522394201087.4,0.5031262552433297,0.0010907896815517948,4.8131068724619845e-06,3.16,35.8,2023-02-06 02:36:00,0.00010118687693940652,1.0251249286311794,1.0,96,281.87653178712407,0.00010118687693940652,65.96342,14.429312,1.0251249286311794,0.10875407,8.95382e-06,0.4380083013995637,859.1596286268118,10573.735221408544,-0.7032117184893727,-0.7109805053440096,2.218556041279609,234.40620721922716,0.6330461296944441,0.0,1.0,227.69066913910677,28.117254249628648,48.16831490199161,1.024246806787019,224.31633,0.00010228300806757507,9554.255842549004,1.0,0.00627711633162562,0.020986762,96.33662980398321,0.43936135122339376,5.672964972805863e-06,573596488635.0182,-129464134716.14479,0 days 00:54:00,-8.042925056957586e-12,-1.2144816836005955e-13,870.6613801668868,868.0753928372417,873.2473674965319,170.30783402430865,151.75221168489793,188.86345636371937,212.24039,202.59387,221.88689,-1.5662817,-1.6589005,-1.4736629,0.8284406,0.80849695,0.84838426,-0.73784107,-0.81051624,-0.6651659,-1.0,9561.758135165219,1.0326093091201496,0.01662888654007249,122610549981.0319,11403294352.75248,1.075563077654701e-05,5458.022046642263,186.1376402137377,0.015277316854108852,0.09526927,0.9,-1.5662817,0.8284406,-0.73784107,212.24039,870.6613801668868,170.30783402430865,10573.735221408544,10573.735221408544,0.00010219701,1.401619e-06,94186.24,0.9084629,-211.67091,0.6375306357424813,0.6375306357424813,1.0,-4.8961771749816e-13,1.5441251e-12,3.3061554e-16,3.6842290805149453e-13,6.578478205396227e-14,6.578478205396227e-14,7.479999999999999e-16,2.5312776625835132e-14,1.0545073815571387e-12,840.9446469737594,3.472313084002975e-14,7.13537680196132e-14,6.955908670366656e-13,0.00010219701,1.401619e-06,94186.24,0.9084629,-211.67091,0.6375306357424813,0.6375306357424813,1.0,-4.8961771749816e-13,1.5441251e-12,3.3061554e-16,3.6842290805149453e-13,6.578478205396227e-14,6.578478205396227e-14,7.479999999999999e-16,2.5312776625835132e-14,1.0545073815571387e-12,840.9446469737594,3.472313084002975e-14,7.13537680196132e-14,6.955908670366656e-13
97,97,97,133.41428716131983,35.270628848318324,9578.34,885974.0,TVJ571,173.882222072,0.6148710197105108,34610D,224.27121,66.03613,14.590937,236.2541049872824,66988.16647806637,0.41209760432711096,0.5079156816826403,36.4144253568458,38.123589717594,24.826899488690795,0.0001020761685652,28187.653178712408,1.0240935251018846,0.3034535446403816,0.5954428942352732,cruise,15,GTF2035_wi,0,43031,1.237,3.16,3.16,14.25415677460122,2.136668506480503,0.7869548320049075,19.06135993330515,12.832682047838103,26.177328785377075,1594302527333155.5,16.109637450771,746.936588888632,1080.87416947134,0.0102076168565,0.0153225443004993,0.216210823264551,19.061794858797,14.1106345672308,14.109194354729526,15.154009968436382,0.5126362994842105,396863799494832.94,0.5079156816826403,0.00109778129308804,4.891964406930039e-06,3.16,35.8,2023-02-06 02:37:00,0.00010207616583611855,1.0240934546025435,1.0,97,281.87653178712407,0.00010207616583611855,66.03613,14.590937,1.0240934546025435,0.11707842,9.555687e-06,0.4378525082319848,861.0251820941437,10429.7889243359,-0.7015092692339938,-0.7126603294549151,2.2199308386318974,234.41289836148695,0.632903965223222,0.0,1.0,227.6959049815844,28.117254249628648,47.947919036331136,1.022776102227978,224.3972,0.00010315207029331246,9554.366040481835,1.0,0.006184691086237422,0.021604959,95.89583807266227,0.4391956884510117,5.639097407230644e-06,578514759294.0709,-122829459571.06332,0 days 00:53:00,-7.630747621978021e-12,-1.1522428909186813e-13,872.0395775059619,869.6166494258815,874.4625055860424,173.72317125596197,154.92347315635027,192.52286935557368,208.93674,199.55153,218.32195,-1.4827274,-1.5509742,-1.4144806,0.7389261,0.734972,0.7428802,-0.7438013,-0.808094,-0.67950857,-1.0,9563.080762065849,1.0289717156186349,0.01363276363503866,128782454165.01929,9931511983.086039,1.0157646925253721e-05,5440.125191028411,182.93947518195645,0.014542292655410172,0.10532622,0.8833333333333333,-1.4827274,0.7389261,-0.7438013,208.93674,872.0395775059619,173.72317125596197,10429.7889243359,10429.7889243359,0.00010397774,1.3826882e-06,94220.62,0.9170388,-208.46693,0.6375306357424814,0.6375306357424814,1.0,-4.895156326399825e-13,1.5470402e-12,3.2839399e-16,3.702744103780111e-13,5.4384958993233714e-14,5.4384958993233714e-14,7.480000000000001e-16,2.352580606954829e-14,1.0575245114989975e-12,842.1932043765132,3.537929220849289e-14,7.203300830877741e-14,5.672236429580912e-13,0.00010397774,1.3826882e-06,94220.62,0.9170388,-208.46693,0.6375306357424814,0.6375306357424814,1.0,-4.895156326399825e-13,1.5470402e-12,3.2839399e-16,3.702744103780111e-13,5.4384958993233714e-14,5.4384958993233714e-14,7.480000000000001e-16,2.352580606954829e-14,1.0575245114989975e-12,842.1932043765132,3.537929220849289e-14,7.203300830877741e-14,5.672236429580912e-13
98,98,98,133.33248138427734,35.20480398404396,9585.96,885974.0,TVJ571,174.396666516,0.6161848776036062,34610D,224.33302,66.30008,14.804146,237.0556299962071,66951.75205270952,0.41350094481600425,0.4729240460591563,34.212252087496296,35.4976062173778,49.68017603783773,0.0001033154271607,28155.18365974468,1.027538632647886,0.2851021007291358,0.5611181822768839,cruise,15,GTF2035_wi,0,43031,1.237,3.16,3.16,13.75735681900954,2.0621821756550727,0.7895158579516572,17.749297616661952,12.483764986173217,24.24854893956512,1503263626836344.0,15.4148404037156,739.710334839291,1065.42946396372,0.0103315427161,0.0149293481505691,0.203173431846996,17.7488031086889,13.608995503213,13.607589629277822,15.164978558364764,0.4926799125379446,364022692336146.3,0.4729240460591563,0.0010591268550415192,4.3124271057141826e-06,3.16,35.8,2023-02-06 02:38:00,0.00010331549274352774,1.0275403120983078,1.0,98,281.5518365974468,0.00010331549274352774,66.30008,14.804146,1.0275403120983078,0.12134367,9.81698e-06,0.43722764181862767,862.8648192823771,10475.344506251962,-0.7043895771704937,-0.7098135836778368,2.2226816649044765,234.42627564302546,0.635419158539315,0.0,1.0,227.72654594403917,28.117254249628648,47.69759920098727,1.0260544697097513,224.45859,0.00010438331011551787,9562.111200399506,1.0,0.006229740677600262,0.021939807,95.39519840197454,0.4385618505453098,5.6207079503800955e-06,491074772678.7811,-109149276361.65964,0 days 00:52:00,-6.780869865795388e-12,-1.0239113497351036e-13,873.3841098330848,871.1212931114129,875.6469265547568,179.72178683503796,157.1913614707879,202.252212199288,205.66031,196.86118,214.45946,-1.3249779,-1.3439312,-1.3060244,0.64384806,0.61072206,0.6769741,-0.6811297,-0.69530237,-0.6669571,-1.0,9566.408156455374,1.0259832810454452,0.004131333205657239,115292400745.42639,7520769841.980828,1.0252962965222647e-05,5434.726142459468,180.0334478095121,0.013234178465053995,0.115454584,0.8666666666666667,-1.3249779,0.64384806,-0.6811297,205.66031,873.3841098330848,179.72178683503796,10475.344506251962,10475.344506251962,0.000104864004,1.3800793e-06,94328.734,0.9204735,-205.40862,0.6310367319489365,0.6310367319489365,1.0,-4.891054712021046e-13,1.5505876e-12,3.2854375e-16,3.6842137804131985e-13,4.3060187121145343e-14,4.3060187121145343e-14,7.48e-16,2.1765440622837834e-14,1.0614820713512593e-12,843.4188778668914,3.1900926038875677e-14,6.70704665513464e-14,4.510702945976714e-13,0.000104864004,1.3800793e-06,94328.734,0.9204735,-205.40862,0.6310367319489365,0.6310367319489365,1.0,-4.891054712021046e-13,1.5505876e-12,3.2854375e-16,3.6842137804131985e-13,4.3060187121145343e-14,4.3060187121145343e-14,7.48e-16,2.1765440622837834e-14,1.0614820713512593e-12,843.4188778668914,3.1900926038875677e-14,6.70704665513464e-14,4.510702945976714e-13
99,99,99,133.25071334838867,35.138420492915785,9601.2,885974.0,,178.512222068,0.6174995212272929,34610D,224.3619,66.732445,15.063817,235.0886600955978,66917.53980062203,0.41323278014430387,0.4534671285716733,32.98768648834955,34.2997009943008,49.70996264227783,0.00010454200754,28090.335477228728,1.0336899065954972,0.2748973874029129,0.5414230457881184,cruise,15,GTF2035_wi,0,43031,1.237,3.16,3.16,13.42667755526158,2.0125979814630166,0.7829144766395154,17.15073480634875,12.268927406795417,23.321790181886747,1459520377181372.5,14.9872129795174,735.314076320103,1057.68667260799,0.010454200754,0.0147495429393732,0.195963089625268,17.1498504971504,13.2860448917474,13.284656087130571,15.160247829304977,0.4812340398794802,347644418790761.94,0.4534671285716733,0.0010373781673473968,4.014246548727617e-06,3.16,35.8,2023-02-06 02:39:00,0.00010454201071223892,1.0336899873554224,1.0,99,280.9033547722873,0.00010454201071223892,66.732445,15.063817,1.0336899873554224,0.12363923,9.972347e-06,0.43616445046495317,864.7055558843819,10677.06491248034,-0.7740378587687272,-0.6331393157850205,2.21655116587596,234.39644290829756,0.6394030945592774,0.0,1.0,227.72752860850125,28.117254249628648,47.933856414770254,1.0321877382800286,224.48734,0.00010561757646719104,9577.233071792616,1.0,0.006302610175767142,0.022099057,95.86771282954051,0.43750422608130285,6.0403671528398705e-06,461565183431.54016,-107380589013.0595,0 days 00:51:00,-6.670990633024321e-12,-1.0073195855866726e-13,874.7278976132643,872.6228733142889,876.8329219122396,195.0951461484205,161.07093239632013,229.11935990052086,202.36331,194.00893,210.71771,-1.1223252,-1.1352211,-1.1094294,0.5529761,0.54755133,0.5584008,-0.56934917,-0.5768203,-0.561878,-1.0,9575.900515777068,1.0234419211669805,0.0034073359739256667,116913312346.77434,5108025142.579121,1.0585208213114757e-05,6681.52391428248,177.67479838003806,0.011911406581338518,0.12570333,0.85,-1.1223252,0.5529761,-0.56934917,202.36331,874.7278976132643,195.0951461484205,10677.06491248034,10677.06491248034,0.00010528312,1.3990234e-06,94512.35,0.9225104,-202.47757,0.6180670954457458,0.6180670954457458,0.9999999999999999,-4.883804446018095e-13,1.5546788e-12,3.3056011e-16,3.627145333539927e-13,3.2064830941444855e-14,3.2064830941444855e-14,7.48e-16,2.007081120943793e-14,1.0662983196220647e-12,844.6536182104855,3.0096284922094e-14,6.431107094773757e-14,3.423582813695148e-13,0.00010528312,1.3990234e-06,94512.35,0.9225104,-202.47757,0.6180670954457458,0.6180670954457458,0.9999999999999999,-4.883804446018095e-13,1.5546788e-12,3.3056011e-16,3.627145333539927e-13,3.2064830941444855e-14,3.2064830941444855e-14,7.48e-16,2.007081120943793e-14,1.0662983196220647e-12,844.6536182104855,3.0096284922094e-14,6.431107094773757e-14,3.423582813695148e-13
100,100,100,133.17644119262695,35.06407656912076,9616.44,885974.0,TVJ571,182.62777762,0.6189322501036503,34610D,224.40506,67.28095,15.329184,232.38945391237527,66884.55211413368,0.4105429834637348,0.5000647235533525,35.888740758872245,38.0145519649986,24.871516675654835,0.0001055977664855,28025.608291155702,1.0362447537260269,0.2990728396572687,0.5891648966555124,cruise,15,GTF2035_wi,0,43031,1.237,3.16,3.16,14.049257686792496,2.105905082786369,0.7738509236695968,19.00791495293612,12.721236318446271,26.106827133618445,1590974831394580.2,15.8764055443623,745.535123291926,1080.26035165233,0.0105597766486,0.0153345314562554,0.213329605147432,19.0072759824993,13.9117132959683,13.91024440522784,15.149798322269744,0.5087067349970636,392747535880008.06,0.5000647235533525,0.0010889743213774944,4.805659966490894e-06,3.16,35.8,2023-02-06 02:40:00,0.00010559783050625258,1.036246371330723,1.0,100,280.256082911557,0.00010559783050625258,67.28095,15.329184,1.036246371330723,0.12853788,1.0357711e-05,0.4350757235057578,866.7116503660186,10890.277143448264,-0.8335596837438253,-0.5524294105466273,2.201354471183678,234.32217561499567,0.6412557247783359,0.0,1.0,227.67153350570555,28.117254249628648,48.29509577781175,1.0348790155255547,224.53065,0.00010669695422577275,9592.292452111094,1.0,0.0063586410252958105,0.022349399,96.5901915556235,0.43642449469321326,6.85591760362566e-06,598934687008.3414,-118490499540.87082,0 days 00:50:00,-7.361190880070405e-12,-1.1115398228906314e-13,876.2105199906869,874.2409214923038,878.1801184890701,216.55219479537442,171.68238877746,261.42200081328883,198.7244,190.85297,206.59581,-1.0806214,-1.0834546,-1.0777881,0.5215975,0.5013167,0.5418782,-0.55902386,-0.5821379,-0.5359099,-1.0,9594.388475587966,1.0200373326042884,0.0058552514460945585,162666459034.0105,2240248116.1220026,9.6192295659213e-06,7763.428791895854,173.12715936349943,0.012360459444396683,0.13360482,0.8333333333333334,-1.0806214,0.5215975,-0.55902386,198.7244,876.2105199906869,216.55219479537442,10890.277143448264,10890.277143448264,0.000105938736,1.4289044e-06,94699.62,0.9255787,-199.09758,0.6051216582311395,0.6051216582311395,1.0,-4.876433829474452e-13,1.5590608e-12,3.3289395e-16,3.5719346794206295e-13,1.9978441435037718e-14,1.9978441435037718e-14,7.480000000000001e-16,1.8205870946725507e-14,1.0714174126795756e-12,846.0364234900933,3.500691245355567e-14,7.091957914611531e-14,2.17570764121711e-13,0.000105938736,1.4289044e-06,94699.62,0.9255787,-199.09758,0.6051216582311395,0.6051216582311395,1.0,-4.876433829474452e-13,1.5590608e-12,3.3289395e-16,3.5719346794206295e-13,1.9978441435037718e-14,1.9978441435037718e-14,7.480000000000001e-16,1.8205870946725507e-14,1.0714174126795756e-12,846.0364234900933,3.500691245355567e-14,7.091957914611531e-14,2.17570764121711e-13
101,101,101,133.11040878295898,34.982423943988344,9624.06,885974.0,TVJ571,180.569999844,0.620475032961573,34610D,224.51263,67.78365,15.558751,233.75045610696813,66848.6633733748,0.4121190487083842,0.4724735314078357,34.14812473696093,35.8450461839344,-74.66346531036412,0.0001070180374539,27993.290017781757,1.035286949267712,0.2845677061413411,0.5630194840734806,cruise,15,GTF2035_wi,0,43031,1.237,3.16,3.16,13.667914670588369,2.04872448718412,0.7781965496076708,17.922801896367435,12.448583800287969,24.551623924964897,1517568843421219.8,15.3364000440225,740.04945870892,1067.91971429485,0.0107018037454,0.0150140708381739,0.203033695046996,17.9225230919672,13.52289443918,13.521447400415672,15.162367350446694,0.4936006053808734,365993568711660.3,0.4724735314078357,0.0010588367451462915,4.344298991683286e-06,3.16,35.8,2023-02-06 02:41:00,0.00010701813049693902,1.0352892668305866,1.0,101,279.9329001778176,0.00010701813049693902,67.78365,15.558751,1.0352892668305866,0.13566966,1.0886548e-05,0.4343657914840679,868.8718561538083,10795.947189690403,-0.8302963061795207,-0.5573222083720009,2.204713499814885,234.33863037399166,0.6413396615479964,0.0,1.0,227.68754677972373,28.117254249628648,47.99622973001303,1.0339990715300689,224.6363,0.00010811544834514389,9600.061885134994,1.0,0.006408116233309613,0.022555364,95.99245946002605,0.43570671658003235,6.484627177812957e-06,513796118092.16504,-240655672486.65985,0 days 01:19:00,-1.4950669871511214e-11,-2.2575511505981933e-13,867.4210199322391,846.6325272817629,879.6820185881862,208.31575463275985,181.16726392676787,258.7946284514675,204.69032,189.26462,222.7056,-0.89566326,-1.1138314,-0.5844654,0.44186044,0.3512075,0.5035115,-0.45380282,-0.6103199,-0.23325789,-1.0,9589.862965024731,1.0175508739620835,0.002135497769000554,126815571672.7862,12161138403.342682,1.0618017684986644e-05,10004.848041957726,221.9272145798258,0.009976328648973083,0.1298352,1.3166666666666667,-0.89566326,0.44186044,-0.45380282,204.69032,867.4210199322391,208.31575463275985,10795.947189690403,10795.947189690403,0.000107164095,1.4235801e-06,94814.305,0.9291498,-195.31827,0.598658003556352,0.598658003556352,1.0,-4.872114213247655e-13,1.5632023e-12,3.327303e-16,3.55767174196136e-13,7.138024229689229e-15,7.138024229689229e-15,7.48e-16,1.621069565413329e-14,1.0759908832587262e-12,847.5540374227853,3.2297308371517726e-14,6.700657420308438e-14,7.706173262245544e-14,0.000107164095,1.4235801e-06,94814.305,0.9291498,-195.31827,0.598658003556352,0.598658003556352,1.0,-4.872114213247655e-13,1.5632023e-12,3.327303e-16,3.55767174196136e-13,7.138024229689229e-15,7.138024229689229e-15,7.48e-16,1.621069565413329e-14,1.0759908832587262e-12,847.5540374227853,3.2297308371517726e-14,6.700657420308438e-14,7.706173262245544e-14
102,102,102,133.04443359375,34.901795468087926,9601.2,885974.0,TVJ571,178.512222068,0.6219958921862828,34610D,224.79796,67.6679,15.606003,234.277310152686,66814.51524863785,0.41125666723567955,0.4975610903140887,35.729594345101965,37.5846553652364,24.90531794161918,0.0001098969201778,28090.335477228728,1.0303703706735885,0.2977466195425163,0.5901304684282559,cruise,15,GTF2035_wi,0,43031,1.237,3.16,3.16,14.032332394904888,2.1033077491226218,0.7794553558050755,18.79288085850888,12.707748962613438,25.87167626781334,1579875650572956.5,15.8457294455324,746.060289091679,1079.49285728464,0.0109896920178,0.0152934210888719,0.212418769327398,18.7923276826182,13.8895521213342,13.88802587006373,15.15574654083959,0.5101720391698222,388037463581744.7,0.4975610903140887,0.0010891770943970414,4.761214393197143e-06,3.16,35.8,2023-02-06 02:42:00,0.00010989687124272601,1.03036918934105,1.0,102,280.9033547722873,0.00010989687124272601,67.6679,15.606003,1.03036918934105,0.15041596,1.1733642e-05,0.4353183846453624,871.0013605322272,10655.176949450788,-0.8305815180949138,-0.5568970657124603,2.2091215298760485,234.36019022806437,0.6400807606727748,0.05512794931446719,1.0,227.69854015348793,28.117254249628648,47.83232124125189,1.0297515381996565,224.92183,0.00011109577796120303,9577.283839379375,1.0,0.006395635463721589,0.022555655,95.66464248250378,0.4366557144250043,6.290817048557274e-06,558048256883.5789,-278232505244.31464,0 days 01:18:00,-1.7285120647475482e-11,-2.610053217768798e-13,869.2403405707664,848.765769128689,881.183847392579,207.3423710069643,183.64015877712654,248.27576633789147,200.97429,186.87366,218.98073,-1.0891271,-1.1869614,-0.9977122,0.5197982,0.4026169,0.6644429,-0.56932884,-0.69462657,-0.41826463,-1.0,9573.390250014345,1.0193616654827367,0.008916540298743246,163111639109.598,5484467322.347932,1.1062283307381707e-05,10713.791974477232,214.96977288959488,0.01190542489184076,0.14490274,1.3,-1.0891271,0.5197982,-0.56932884,200.97429,869.2403405707664,207.3423710069643,10655.176949450788,10655.176949450788,0.00010997958,1.3035191e-06,94624.33,0.9323363,-191.2996,0.618067095445746,0.618067095445746,1.0,-4.880495943461911e-13,1.5650951e-12,3.2433146e-16,3.700031160508496e-13,-6.492548628320667e-15,-6.492548628320667e-15,7.479999999999998e-16,1.4035115157560981e-14,1.0770454984757917e-12,849.0485339221423,3.502113448215367e-14,7.05645118772163e-14,-6.91792544876707e-14,0.00010997958,1.3035191e-06,94624.33,0.9323363,-191.2996,0.618067095445746,0.618067095445746,1.0,-4.880495943461911e-13,1.5650951e-12,3.2433146e-16,3.700031160508496e-13,-6.492548628320667e-15,-6.492548628320667e-15,7.479999999999998e-16,1.4035115157560981e-14,1.0770454984757917e-12,849.0485339221423,3.502113448215367e-14,7.05645118772163e-14,-6.91792544876707e-14
103,103,103,132.97943115234375,34.82219114141949,9608.82,885974.0,TVJ571,177.48333318,0.6234969541894162,34610D,224.92722,68.2055,15.916617,235.01467648141087,66778.78565429275,0.41172782773729366,0.4939525842421939,35.502407899236644,37.237621836815,24.92513065698347,0.0001112351635131,28057.95677044024,1.0254648520841176,0.2958533991603053,0.5887479163990132,cruise,15,GTF2035_wi,0,43031,1.237,3.16,3.16,13.97730325031278,2.0950407199343952,0.7816839308215723,18.618343215151945,12.674639526695769,25.694495211931144,1571512659560061.2,15.773646053042,745.876195917306,1078.43777159905,0.0111235163513,0.0152585457024184,0.211081444066812,18.6188109184075,13.8336541491865,13.832115531553615,15.157329569613513,0.5096583871065842,383830371630012.5,0.4939525842421939,0.0010868727346477357,4.705032313953652e-06,3.16,35.8,2023-02-06 02:43:00,0.00011123516576380554,1.0254649055075054,1.0,103,280.5795677044024,0.00011123516576380554,68.2055,15.916617,1.0254649055075054,0.1543891,1.2132566e-05,0.43456673085778147,873.1031412066113,10632.136303244844,-0.8311336432132198,-0.556072717474181,2.2083450008837957,234.35639495619762,0.6378425589765944,0.09156915066679498,1.0,227.67871538833333,28.117254249628648,47.71785214774175,1.0256186106391194,225.05002,0.00011251722926221955,9584.961073926128,1.0,0.006449639672928811,0.022461103,95.4357042954835,0.43590053445043053,5.740533661472015e-06,525567249885.96735,-300154833448.78906,0 days 01:17:00,-1.8647039477035523e-11,-2.815702961032364e-13,870.8909536572851,850.6142926551888,882.6285436912818,210.74318754400386,186.08755925675132,248.22015746081308,197.56615,183.46538,215.21384,-1.2575626,-1.5119677,-1.0237418,0.6002645,0.36915454,0.9302278,-0.65729815,-0.7355674,-0.58173984,-1.0,9576.821319697747,1.025432180178796,0.013959932602105459,158701801894.83737,8018791008.271772,1.183586257192958e-05,9627.478941256302,211.85692469181868,0.013935330264024609,0.15523922,1.2833333333333334,-1.2575626,0.6002645,-0.65729815,197.56615,870.8909536572851,210.74318754400386,10632.136303244844,10632.136303244844,0.00011117485,1.260413e-06,94736.85,0.93180925,-187.3122,0.6115913540880479,0.6115913540880479,1.0,-4.876243983395987e-13,1.5693425e-12,3.2141912e-16,3.686824573638648e-13,-2.0034633261408325e-14,-2.0034633261408325e-14,7.48e-16,1.1926213536762167e-14,1.0817181346009976e-12,850.524047209614,3.484410525742202e-14,7.005275065929533e-14,-2.1301095162081612e-13,0.00011117485,1.260413e-06,94736.85,0.93180925,-187.3122,0.6115913540880479,0.6115913540880479,1.0,-4.876243983395987e-13,1.5693425e-12,3.2141912e-16,3.686824573638648e-13,-2.0034633261408325e-14,-2.0034633261408325e-14,7.48e-16,1.1926213536762167e-14,1.0817181346009976e-12,850.524047209614,3.484410525742202e-14,7.005275065929533e-14,-2.1301095162081612e-13
104,104,104,132.9147276586416,34.742706298828125,9616.44,885974.0,TVJ571,177.997777624,0.6249886164540412,34610D,225.05695,68.713554,16.230751,235.3598340309957,66743.2832463935,0.4117337921892086,0.498540936211188,35.796176239894,37.5289511348348,24.94428928781896,0.0001127074498012,28025.608291155702,1.0216100879117778,0.2983014686657833,0.5957803562798634,cruise,15,GTF2035_wi,0,43031,1.237,3.16,3.16,14.030424750301863,2.102982379152044,0.7826063571063647,18.7646262711782,12.722028631006934,25.99718096782584,1585799504413056.0,15.8576681529486,747.464385065031,1081.26991770956,0.0112707449801,0.0153241560910714,0.212809835319547,18.7644755674174,13.8872140204537,13.88564900436558,15.156276775961288,0.5141248873400343,387543128825773.06,0.498540936211188,0.0010937790390896792,4.7901813200641715e-06,3.16,35.8,2023-02-06 02:44:00,0.00011270748541762086,1.0216109191508098,1.0,104,280.256082911557,0.00011270748541762086,68.713554,16.230751,1.0216109191508098,0.1586307,1.2597959e-05,0.433815502422178,875.1917581281226,10699.196489938899,-0.8319308506839371,-0.5548793199248835,2.2058241293402574,234.3440660988686,0.6362548118208777,0.129092573218291,1.0,227.6556799060353,28.117254249628648,47.66051304972435,1.02245018388125,225.17871,0.0001140671600138894,9592.60974347514,1.0,0.006511414057637523,0.022347992,95.3210260994487,0.4351475977296487,5.382108305523106e-06,517178610023.9064,-565000653479.479,0 days 01:46:00,-3.510051585352945e-11,-5.300177893882947e-13,854.1211003272354,798.8746058318164,884.069596762285,204.868338486415,173.40146130056644,255.96669148884746,202.68692,180.44292,227.67535,-1.3212945,-1.9780972,-0.64918363,0.6405829,0.39625633,1.1622783,-0.6807117,-0.8991734,-0.24393636,-1.0,9543.429235079979,1.0335088022490322,0.008927972648286386,156403342241.7143,13519616909.035406,1.2956136502914752e-05,13162.044945994727,284.95082204081007,0.01463647410316982,0.1691072,1.7666666666666666,-1.3212945,0.6405829,-0.6807117,202.68692,854.1211003272354,204.868338486415,10699.196489938899,10699.196489938899,0.00011248423,1.2038141e-06,94849.01,0.93274134,-183.43237,0.6051216582311395,0.6051216582311395,0.9999999999999999,-4.871997742466356e-13,1.5734561e-12,3.1682868e-16,3.6726302700160706e-13,-3.292544079779355e-14,-3.292544079779355e-14,7.48e-16,9.918089751924654e-15,1.0862562776136881e-12,851.9968726254139,3.5539717473277434e-14,7.070347440621967e-14,-3.5227576061344373e-13,0.00011248423,1.2038141e-06,94849.01,0.93274134,-183.43237,0.6051216582311395,0.6051216582311395,0.9999999999999999,-4.871997742466356e-13,1.5734561e-12,3.1682868e-16,3.6726302700160706e-13,-3.292544079779355e-14,-3.292544079779355e-14,7.48e-16,9.918089751924654e-15,1.0862562776136881e-12,851.9968726254139,3.5539717473277434e-14,7.070347440621967e-14,-3.5227576061344373e-13
105,105,105,132.84981863839286,34.66264343261719,9624.06,885974.0,TVJ571,179.026666512,0.626478972870829,34610D,225.17424,68.944046,16.595306,235.945414216076,66707.48707015361,0.41166799920702307,0.5093368188075053,36.49058688939357,38.2403693240718,49.925619224611495,0.0001145851720591,27993.290017781757,1.0227709410615784,0.3040882240782797,0.6095769391343928,cruise,15,GTF2035_wi,0,43031,1.237,3.16,3.16,14.167561961706458,2.123510901730928,0.784349105314081,19.12034675993042,12.83362899114032,26.820509730201483,1592150604195121.2,16.0646615375154,750.431059550933,1086.86337586841,0.0114585172059,0.0154566904329936,0.216842649122496,19.1201846620359,14.0290478134715,14.027440476790916,15.149722017552822,0.5225727636736754,397029980780047.1,0.5093368188075053,0.0011082023135056422,4.981748359115122e-06,3.16,35.8,2023-02-06 02:45:00,0.0001145851540350363,1.0227705268265974,1.0,105,279.9329001778176,0.0001145851540350363,68.944046,16.595306,1.0227705268265974,0.16380762,1.3217819e-05,0.4330895320358123,877.2785454400627,10730.583952326413,-0.8318451836864638,-0.5550077390249918,2.2030376159856213,234.330423553107,0.6377106539504396,0.16257838558278975,1.0,227.65345801738664,28.117254249628648,47.813124149182926,1.023567172178448,225.29767,0.00011598270773740498,9600.153437925408,1.0,0.006483914873023479,0.021798149,95.62624829836585,0.4344216805357694,5.599358133213681e-06,540271965204.7334,-739511418906.2126,0 days 01:45:00,-4.59419509045335e-11,-6.93723458658456e-13,855.8936788323288,800.9665083637011,885.5080146229817,206.74312036064907,167.8351607074511,263.60988229876295,198.87646,177.08972,223.57956,-1.8039713,-2.6126761,-1.375375,0.8705493,0.43391994,1.4199343,-0.9334219,-1.1927419,-0.5177064,-1.0,9549.929968094373,1.0384201589177515,0.005312480788503851,183373072866.317,9765016362.291868,1.4608420510154036e-05,13240.045096332004,284.63621504064474,0.020072627495933113,0.18551823,1.75,-1.8039713,0.8705493,-0.9334219,198.87646,855.8936788323288,206.74312036064907,10730.583952326413,10730.583952326413,0.00011396341,1.1813038e-06,94961.51,0.9352907,-180.45294,0.598658003556352,0.598658003556352,1.0,-4.867719832606469e-13,1.5774836e-12,3.1260106e-16,3.659758880499085e-13,-4.252831125698031e-14,-4.252831125698031e-14,7.479999999999999e-16,8.435322398236026e-15,1.0907116268318095e-12,853.475691303471,3.693901554933364e-14,7.223455511273544e-14,-4.563536142936957e-13,0.00011396341,1.1813038e-06,94961.51,0.9352907,-180.45294,0.598658003556352,0.598658003556352,1.0,-4.867719832606469e-13,1.5774836e-12,3.1260106e-16,3.659758880499085e-13,-4.252831125698031e-14,-4.252831125698031e-14,7.479999999999999e-16,8.435322398236026e-15,1.0907116268318095e-12,853.475691303471,3.693901554933364e-14,7.223455511273544e-14,-4.563536142936957e-13
106,106,106,132.7847671508789,34.5823540121822,9639.3,885974.0,TVJ571,179.541110956,0.6279634580553212,34610D,225.24287,69.26818,17.022713,236.7943831192215,66670.99648326421,0.4122458687417853,0.5068945058803169,36.34021592340929,37.9737894834724,24.980841343147745,0.0001157923663544,27928.74400244535,1.0226151377314157,0.3028351326950774,0.6096905563986509,cruise,15,GTF2035_wi,0,43031,1.237,3.16,3.16,14.128525416968472,2.117642837154141,0.7870513893003244,18.98677064099873,12.812856829007812,26.688488083803325,1594134039296168.0,16.0146512523415,750.53687592228,1086.41425676453,0.0115792366354,0.0154375538284497,0.215944348518548,18.9868947417362,13.9882491046338,13.98662955969976,15.15205913649488,0.5228763795077868,393937498765016.94,0.5068945058803169,0.0011071684646757158,4.945536684892558e-06,3.16,35.8,2023-02-06 02:46:00,0.00011579250659852676,1.0226183267814581,1.0,106,279.2874400244536,0.00011579250659852676,69.26818,17.022713,1.0226183267814581,0.16791861,1.3758256e-05,0.43195927309115706,879.3571100913149,10750.907909698595,-0.8322142659435395,-0.5544541600169085,2.2001212082785577,234.31612869764456,0.6380454035580302,0.18315753616439465,1.0,227.64251031139332,28.117254249628648,48.07879712660679,1.021953487296588,225.37714,0.00011718743269436547,9615.260601436696,1.0,0.006419888609894144,0.021041598,96.15759425321357,0.4332765754999465,5.4976702115596215e-06,522864664528.13824,-788590277676.844,0 days 01:44:00,-4.899096199813616e-11,-7.397635261718559e-13,857.5631004051357,802.8382180698651,886.9459828424599,210.87640912095608,162.68398223002134,269.61547747136615,195.51346,174.1637,220.16263,-1.9874462,-2.9344926,-1.3281789,0.93000716,0.38203797,1.548241,-1.0574391,-1.3862516,-0.67368436,-1.0,9570.223125502756,1.0387173622532924,0.0037724258395235594,182783567497.37714,13224026309.259605,1.4750529945049208e-05,11631.455165812287,282.3063615244649,0.02239241037731492,0.19687729,1.7333333333333334,-1.9874462,0.93000716,-1.0574391,195.51346,857.5631004051357,210.87640912095608,10750.907909698595,10750.907909698595,0.00011490548,1.1871201e-06,95149.664,0.9375497,-177.56189,0.5857488004890717,0.5857488004890717,0.9999999999999999,-4.860258955553087e-13,1.581894e-12,3.1077533e-16,3.6056924357403355e-13,-5.1062186390625344e-14,-5.1062186390625344e-14,7.479999999999999e-16,7.135111062285005e-15,1.0958681189676537e-12,854.958694600865,3.6901229316332496e-14,7.188818433955124e-14,-5.48964863553478e-13,0.00011490548,1.1871201e-06,95149.664,0.9375497,-177.56189,0.5857488004890717,0.5857488004890717,0.9999999999999999,-4.860258955553087e-13,1.581894e-12,3.1077533e-16,3.6056924357403355e-13,-5.1062186390625344e-14,-5.1062186390625344e-14,7.479999999999999e-16,7.135111062285005e-15,1.0958681189676537e-12,854.958694600865,3.6901229316332496e-14,7.188818433955124e-14,-5.48964863553478e-13
107,107,107,132.71972033442285,34.50187683105469,9646.92,885974.0,TVJ571,179.026666512,0.6294418528150861,34610D,225.35114,69.486916,17.346588,237.6234978368145,66634.6562673408,0.41289704573689767,0.4987994161861057,35.82649677927916,37.2957861830194,0.0,0.0001173860932563,27896.51621734957,1.022001432239659,0.2985541398273263,0.6033541101931418,cruise,15,GTF2035_wi,0,43031,1.237,3.16,3.16,14.017553136917444,2.1009875047378603,0.7896174385226156,18.647866555047727,12.735255240697697,26.115470989261947,1591382823584848.0,15.857850390277,749.326724137969,1083.19520063231,0.0117386093256,0.0153485682784176,0.212937789623941,18.6478930915097,13.8734627074868,13.8718343470465,15.157446467242696,0.5194041262192115,385415774549432.0,0.4987994161861057,0.0010994402851185864,4.80932604623533e-06,3.16,35.8,2023-02-06 02:47:00,0.00011738601763750088,1.0219997370866953,1.0,107,278.9651621734957,0.00011738601763750088,69.486916,17.346588,1.0219997370866953,0.17596555,1.4596739e-05,0.4312535273603741,881.4271451456408,10810.880335119671,-0.8321447799502827,-0.554558441646591,2.2000228660787853,234.3156463784862,0.6383374962876351,0.20995127329416693,1.0,227.64417870895363,28.117254249628648,48.189463805669725,1.0208428250295571,225.49414,0.00011886549016371784,9622.825268097165,1.0,0.006378635243106885,0.020601097,96.37892761133945,0.4325560175478076,5.3011153187897115e-06,489023583363.15985,-809013459847.5084,0 days 01:43:00,-5.0259746777669095e-11,-7.589221763428034e-13,859.2541699376086,804.7429677918192,888.4000829176105,215.6076550450304,162.35087794806918,274.7543919996417,192.31642,172.03209,216.61949,-2.1542964,-3.1608763,-1.4354479,0.9670721,0.3778342,1.6030879,-1.1872241,-1.5577884,-0.80765164,-1.0,9588.57264900584,1.0369392879931563,0.005072437918085681,174628668246.61148,17745987232.965725,1.4808948801759383e-05,9974.07193046854,278.7704862096095,0.02470435751270802,0.20621592,1.7166666666666666,-2.1542964,0.9670721,-1.1872241,192.31642,859.2541699376086,215.6076550450304,10810.880335119671,10810.880335119671,0.00011625563,1.1773603e-06,95262.1,0.9419635,-174.68762,0.5793032434699137,0.5793032434699137,1.0,-4.8559659785635e-13,1.5855849e-12,3.0806639e-16,3.589527087601647e-13,-5.979301360704044e-14,-5.979301360704044e-14,7.479999999999999e-16,5.7890313717005655e-15,1.0999882422911426e-12,856.4451659731891,3.6194024499236174e-14,7.074013224304645e-14,-6.464151149818965e-13,0.00011625563,1.1773603e-06,95262.1,0.9419635,-174.68762,0.5793032434699137,0.5793032434699137,1.0,-4.8559659785635e-13,1.5855849e-12,3.0806639e-16,3.589527087601647e-13,-5.979301360704044e-14,-5.979301360704044e-14,7.479999999999999e-16,5.7890313717005655e-15,1.0999882422911426e-12,856.4451659731891,3.6194024499236174e-14,7.074013224304645e-14,-6.464151149818965e-13
108,108,108,132.65436172485352,34.4209574036679,9646.92,885974.0,TVJ571,181.084444288,0.6309168293625368,34610D,225.47586,69.37054,17.602974,238.0511856508302,66598.82977056153,0.41277209577304197,0.5074478419508653,36.37976596785015,37.862808963958,75.03283452269831,0.0001197786605454,27896.51621734957,1.0272052407559304,0.3031647163987512,0.6141946509443728,cruise,15,GTF2035_wi,0,43031,1.237,3.16,3.16,14.132075476304722,2.118118600374429,0.7908197793222593,18.93148260854724,12.824581003317038,26.77189576857103,1592880958955339.8,16.0265211662813,751.662100439429,1087.54720169758,0.0119778660545,0.0154515154123974,0.216171363611079,18.931404481979,13.9903017821563,13.988626243242017,15.153697742927395,0.5261074859616005,393047102271748.5,0.5074478419508653,0.0011106492692400916,4.9616307642197825e-06,3.16,35.8,2023-02-06 02:48:00,0.00011977874941882133,1.027207203183027,1.0,108,278.9651621734957,0.00011977874941882133,69.37054,17.602974,1.027207203183027,0.1848888,1.5540785e-05,0.43101498324335685,883.4923925909246,10864.601952585908,-0.8320487917880196,-0.5547024500433515,2.199559285765163,234.31337249272008,0.6423761079119762,0.24036065914153984,1.0,227.6714825370144,28.117254249628648,48.41618354010701,1.0258173257622654,225.62274,0.00012131398239062194,9622.711908229947,1.0,0.0062778591896750415,0.020148942,96.83236708021403,0.4323168951725895,5.954867822550419e-06,519676279360.05426,-848539928287.2124,0 days 01:42:00,-5.2715318153662646e-11,-7.96001304120306e-13,860.9946473116003,806.7604801453147,889.8617883706703,223.51907663288932,169.9882023132834,282.48391971832655,188.8583,170.11058,212.71817,-2.4400654,-3.616303,-1.2520666,1.0740352,0.3369187,1.6965063,-1.3660302,-1.9197967,-0.9151479,-1.0,9602.29062240351,1.0361745725711997,0.0066257340560579425,209421996610.33823,14570718862.570522,1.4220495010469361e-05,9166.063628122882,268.4989794678347,0.028737937873991093,0.21501562,1.7,-2.4400654,1.0740352,-1.3660302,188.8583,860.9946473116003,223.51907663288932,10864.601952585908,10864.601952585908,0.000117999436,1.0955761e-06,95302.39,0.9462693,-171.96468,0.6200105216951591,0.6200105216951591,0.9999999999999999,-4.854690369588601e-13,1.5886426e-12,3.037349e-16,3.7988537559154073e-13,-7.493420300474547e-14,-7.493420300474547e-14,7.480000000000001e-16,3.403518791933606e-15,1.1031735674721137e-12,857.9346504327369,3.730469064489099e-14,7.19666589037453e-14,-8.141302882808263e-13,0.000117999436,1.0955761e-06,95302.39,0.9462693,-171.96468,0.6200105216951591,0.6200105216951591,0.9999999999999999,-4.854690369588601e-13,1.5886426e-12,3.037349e-16,3.7988537559154073e-13,-7.493420300474547e-14,-7.493420300474547e-14,7.480000000000001e-16,3.403518791933606e-15,1.1031735674721137e-12,857.9346504327369,3.730469064489099e-14,7.19666589037453e-14,-8.141302882808263e-13
109,109,109,132.58872518734057,34.33964538574219,9669.78,885974.0,TVJ571,181.598888732,0.6323877911884097,34610D,225.46294,69.580414,18.112577,237.9948629007193,66562.45000459369,0.41342968866048707,0.4912664584841317,35.35184892407331,36.7225329906088,0.0,0.0001204484262501,27800.013493776034,1.0309867110897384,0.2945987410339442,0.598750601515317,cruise,15,GTF2035_wi,0,43031,1.237,3.16,3.16,13.890638364710965,2.081922649176006,0.7906553564831784,18.36080458034649,12.658283926427831,25.804276210366726,1576694350676711.2,15.6949885675248,748.456487568692,1080.99124872826,0.012044842625,0.0152879325197584,0.210153201369473,18.3612664953044,13.7463454327698,13.744689906501268,15.159150112648248,0.5169229973012652,377973188442521.44,0.4912664584841317,0.0010930460460678488,4.695661904059879e-06,3.16,35.8,2023-02-06 02:49:00,0.00012044846291056323,1.0309875190572682,1.0,109,278.0001349377603,0.00012044846291056323,69.580414,18.112577,1.0309875190572682,0.1836038,1.5861211e-05,0.4295485819771218,885.5520171203141,10802.076432168418,-0.8338163647040642,-0.5520419095971781,2.1944089478449476,234.28808125672728,0.6446583954085596,0.24277843252151407,1.0,227.6645410007585,28.117254249628648,49.21356526844778,1.0296014185606033,225.61469,0.00012205760658468423,9645.173217365777,1.0,0.0060501238164599154,0.019147659,98.42713053689556,0.4308638312673677,6.0933725172748776e-06,484766497896.88336,-835337244274.8827,0 days 01:41:00,-5.1895104908545136e-11,-7.836160841190315e-13,862.6232933082176,808.5758930178134,891.3056990006471,233.5556968726707,177.86776313500093,294.0808454850221,185.73573,168.21182,209.24208,-2.5647435,-3.700141,-1.3708831,1.0808758,0.35332224,1.6596413,-1.4838679,-2.0404997,-1.0175608,-1.0,9629.321452768394,1.0362199345725505,0.007173963720105534,188021849107.5305,28137454281.07834,1.398961524357042e-05,7079.704629399981,264.4494546697455,0.031377060368217635,0.21580327,1.6833333333333333,-2.5647435,1.0808758,-1.4838679,185.73573,862.6232933082176,233.5556968726707,10802.076432168418,10802.076432168418,0.00011826201,1.0613879e-06,95569.54,0.9476656,-169.33633,0.7086862181681715,0.7086862181681715,0.9999999999999999,-4.843855994609458e-13,1.5931213e-12,3.0223223e-16,4.194340135874724e-13,-9.767403646500281e-14,-9.767403646500281e-14,7.480000000000001e-16,-1.6405042063436116e-16,1.1087356286048114e-12,859.4312382996457,3.572192258588759e-14,6.967180215538635e-14,-1.0550824073333656e-12,0.00011826201,1.0613879e-06,95569.54,0.9476656,-169.33633,0.7086862181681715,0.7086862181681715,0.9999999999999999,-4.843855994609458e-13,1.5931213e-12,3.0223223e-16,4.194340135874724e-13,-9.767403646500281e-14,-9.767403646500281e-14,7.480000000000001e-16,-1.6405042063436116e-16,1.1087356286048114e-12,859.4312382996457,3.572192258588759e-14,6.967180215538635e-14,-1.0550824073333656e-12
110,110,110,132.52384185791016,34.25862975039725,9669.78,885974.0,TVJ571,181.084444288,0.6338476868355545,34610D,225.59183,69.54058,18.38432,237.90442758748208,66527.0981556696,0.4137333687327594,0.4763066616925019,34.40498718216644,35.6439740760338,0.0,0.0001223397648851,27800.013493776034,1.0309821191196449,0.2867082265180536,0.5838835280965877,cruise,15,GTF2035_wi,0,43031,1.237,3.16,3.16,13.66905660977696,2.0486862222947018,0.7901290963105135,17.82178527592075,12.50477562901663,24.980019768193184,1537789236448237.0,15.3907641855894,745.479341012204,1074.69849880151,0.0122339764885,0.0151282870507025,0.204581028906975,17.8219870380169,13.523079527862,13.521425319867458,15.16364127143176,0.5085510927079409,364186532603863.75,0.4763066616925019,0.0010766160445838456,4.454867287149023e-06,3.16,35.8,2023-02-06 02:50:00,0.00012233978723579273,1.0309826040920078,1.0,110,278.0001349377603,0.00012233978723579273,69.54058,18.38432,1.0309826040920078,0.18913999,1.6579836e-05,0.4293031629974938,887.5961443684002,10821.468941529263,-0.8331266110132538,-0.5530823175817237,2.195549210418239,234.29368514928032,0.6454716455373576,0.2715374340904413,1.0,227.67576788819082,28.117254249628648,49.58517566183646,1.0293173472132864,225.74722,0.00012398921990309044,9644.987412169083,1.0,0.005942163846682149,0.018619146,99.17035132367292,0.4306229794785736,5.880057272342726e-06,439884524758.284,-783469181958.758,0 days 01:40:00,-4.867281528391001e-11,-7.349595107870413e-13,864.4396209231139,810.7551773433383,892.7698185800729,245.5567473879577,189.8056534175571,306.19059494726037,182.716,166.5408,205.71425,-2.6162236,-3.6707067,-1.5035187,1.0665419,0.37505892,1.5972635,-1.5496817,-2.0826678,-1.1284598,-1.0,9634.777723669275,1.0362722489883793,0.008982423219461029,179595620945.42737,25989798110.61862,1.4065517108721323e-05,6500.61191931734,263.43054047135803,0.033650753454697,0.22444195,1.6666666666666667,-2.6162236,1.0665419,-1.5496817,182.716,864.4396209231139,245.5567473879577,10821.468941529263,10821.468941529263,0.000119796314,9.774388e-07,95608.85,0.9503085,-166.82376,0.8802494381067814,0.8802494381067814,1.0000000000000002,-4.842609695837077e-13,1.5962679e-12,2.9650558e-16,5.000583025266434e-13,-1.3223729185838857e-13,-1.3223729185838857e-13,7.479999999999999e-16,-5.657370093671497e-15,1.1120070021162369e-12,860.9223710987103,3.42141910165654e-14,6.755019180655997e-14,-1.4310017467574925e-12,0.000119796314,9.774388e-07,95608.85,0.9503085,-166.82376,0.8802494381067814,0.8802494381067814,1.0000000000000002,-4.842609695837077e-13,1.5962679e-12,2.9650558e-16,5.000583025266434e-13,-1.3223729185838857e-13,-1.3223729185838857e-13,7.479999999999999e-16,-5.657370093671497e-15,1.1120070021162369e-12,860.9223710987103,3.42141910165654e-14,6.755019180655997e-14,-1.4310017467574925e-12
111,111,111,132.45878219604492,34.177535752118644,9669.78,885974.0,TVJ571,180.0555554,0.6352995117994762,34610D,225.70023,69.233025,18.551374,236.87761651768653,66492.69316848744,0.41319601958075225,0.4758985175143864,34.368248449111576,35.721352616165,25.05078463423488,0.0001243145005927,27800.013493776034,1.0339969447635966,0.2864020704092631,0.5836628963769067,cruise,15,GTF2035_wi,0,43031,1.237,3.16,3.16,13.64363070087495,2.044848503994392,0.7865299138578679,17.860671452732987,12.492291951601132,25.013319920040704,1539361012105867.2,15.3667185620835,745.440091868745,1075.11818744364,0.0124314500593,0.0151446486677315,0.204443399963773,17.8606763080825,13.4993821546602,13.497704194304138,15.162033742109,0.5084415807524502,364476714182235.4,0.4758985175143864,0.001076148255732677,4.457486630399192e-06,3.16,35.8,2023-02-06 02:51:00,0.0001243144259171229,1.0339953455002784,1.0,111,278.0001349377603,0.0001243144259171229,69.233025,18.551374,1.0339953455002784,0.19976926,1.7659251e-05,0.4290969759551991,889.6289690283635,10838.144357902524,-0.8342580641849355,-0.5513741763470649,2.193542434006356,234.28382099695466,0.6480472898288918,0.2980682111948971,1.0,227.6855356469829,28.117254249628648,50.01229288662958,1.0319878703790026,225.85962,0.00012600369905150935,9644.773853556686,1.0,0.005837597469994194,0.018360049,100.02458577325916,0.43042262447893875,6.20067048417505e-06,442415226247.07086,-847305356904.4867,0 days 01:39:00,-5.263862073371311e-11,-7.94843173079068e-13,866.2498512053413,812.8999671591727,894.240712172084,255.18414685963816,198.61285778417266,317.9210710588028,179.9086,165.154,202.32237,-2.9387417,-3.9540658,-1.6912179,1.1021156,0.40156293,1.6441611,-1.836626,-2.3294911,-1.289655,-1.0,9648.734786443843,1.0372473925530137,0.012412783844190516,189480877489.87695,28300360442.184284,1.4003675538324582e-05,5892.470014516266,260.4035197464137,0.03900531582975214,0.22808671,1.65,-2.9387417,1.1021156,-1.836626,179.9086,866.2498512053413,255.18414685963816,10838.144357902524,10838.144357902524,0.00012161374,8.719947e-07,95650.34,0.95491785,-164.66508,0.9608582228396845,0.9608582228396845,1.0,-4.841258458420816e-13,1.5993012e-12,2.953523e-16,5.384659332971726e-13,-1.546132434146291e-13,-1.546132434146291e-13,7.48e-16,-9.197486610969057e-15,1.1151753873744471e-12,862.4101943647008,3.42673786980923e-14,6.74923084727043e-14,-1.6757206517712718e-12,0.00012161374,8.719947e-07,95650.34,0.95491785,-164.66508,0.9608582228396845,0.9608582228396845,1.0,-4.841258458420816e-13,1.5993012e-12,2.953523e-16,5.384659332971726e-13,-1.546132434146291e-13,-1.546132434146291e-13,7.48e-16,-9.197486610969057e-15,1.1151753873744471e-12,862.4101943647008,3.42673786980923e-14,6.74923084727043e-14,-1.6757206517712718e-12
112,112,112,132.39388602120536,34.09620666503906,9677.4,885974.0,TVJ571,177.997777624,0.6367459944357323,34610D,225.75835,68.98435,18.777784,235.79076341371825,66458.32492003833,0.4128065990558613,0.4683626631112741,33.87701908358066,35.2844659234694,25.06259275992227,0.00012573012989,27767.906058058437,1.0372609630264855,0.2823084923631722,0.5758786682053824,cruise,15,GTF2035_wi,0,43031,1.237,3.16,3.16,13.506015945750944,2.0242042787234857,0.7828202995235859,17.642232760906264,12.40473277457605,24.664510444968887,1522897115947703.0,15.1925841992403,743.760017897979,1072.33864123154,0.012573012989,0.015081801079123,0.20158619743584,17.6422329617347,13.3661885857178,13.364508264357806,15.158691663099717,0.5037567487045215,358327343583069.25,0.4683626631112741,0.001067599687581098,4.342660060988951e-06,3.16,35.8,2023-02-06 02:52:00,0.00012573009828072785,1.0372602915865328,1.0,112,277.67906058058446,0.00012573009828072785,68.98435,18.777784,1.0372602915865328,0.20770776,1.8578763e-05,0.4284910527281873,891.6543117054291,10538.289307650943,-0.83388731570983,-0.5519347286575235,2.1895586362321957,234.26421527516348,0.6504647222490889,0.3148770121651679,1.0,227.68509748221797,28.117254249628648,50.625157077126374,1.035027562722764,225.92198,0.0001274694721499061,9652.087421461436,1.0,0.005687987794011917,0.017942842,101.25031415425275,0.4298271484576539,6.450593850163386e-06,430176394177.4286,-1278721990515.7432,0 days 02:08:00,-7.944026475711814e-11,-1.199547997832484e-12,842.1880230151717,738.7472232784361,895.7095224139946,243.52898981204675,170.18795814171733,328.25413911321334,183.30183,163.7411,209.20802,-2.857393,-4.137897,-1.5695803,1.0650256,0.4026288,1.7606306,-1.7923676,-2.5313826,-0.7423934,-1.0,9646.012515098078,1.0374321909931865,0.00933967543950917,178304039403.38654,36976218847.52144,1.4986825391646786e-05,7769.660551072001,356.4915378432046,0.037598804579800256,0.24254999,2.1333333333333333,-2.857393,1.0650256,-1.7923676,183.30183,842.1880230151717,243.52898981204675,10538.289307650943,10538.289307650943,0.00012306838,7.7755703e-07,95767.83,0.9603715,-162.57669,0.9868166753383109,0.9868166753383109,1.0,-4.836692352022312e-13,1.6027245e-12,2.9476654e-16,5.509192537219045e-13,-1.6927778288775856e-13,-1.6927778288775856e-13,7.479999999999999e-16,-1.1493961300635043e-14,1.1190551864301896e-12,863.9017632445818,3.357325580683484e-14,6.642356757257138e-14,-1.7838982494289236e-12,0.00012306838,7.7755703e-07,95767.83,0.9603715,-162.57669,0.9868166753383109,0.9868166753383109,1.0,-4.836692352022312e-13,1.6027245e-12,2.9476654e-16,5.509192537219045e-13,-1.6927778288775856e-13,-1.6927778288775856e-13,7.479999999999999e-16,-1.1493961300635043e-14,1.1190551864301896e-12,863.9017632445818,3.357325580683484e-14,6.642356757257138e-14,-1.7838982494289236e-12
113,113,113,132.33078002929688,34.01716329283634,9685.02,885974.0,TVJ571,177.48333318,0.6381568127726103,34610D,225.8137,68.77245,19.003237,234.50001024957567,66424.44790095475,0.41224088408621207,0.4649573380533862,33.6451988196677,35.1724596290356,50.14815080283228,0.0001269015848763,27735.82865588881,1.0387551605417369,0.2803766568305642,0.572349677296641,cruise,15,GTF2035_wi,0,43031,1.237,3.16,3.16,13.42859068103672,2.0125844927154284,0.7784395942255274,17.58608406650694,12.358181284195895,24.55822794254828,1517880554734959.2,15.1004802705538,742.962459889514,1071.46511082057,0.0126901584876,0.015068711833714,0.200287162107393,17.5862298145178,13.2915914988354,13.28990498882946,15.156398818610198,0.5015641007293474,356105434368572.1,0.4649573380533862,0.001063421145373845,4.296966147979771e-06,3.16,35.8,2023-02-06 02:53:00,0.0001269016474321444,1.038756478973618,1.0,113,277.3582865588881,0.0001269016474321444,68.77245,19.003237,1.038756478973618,0.2134574,1.9330699e-05,0.4278911535050572,893.6297116580796,10622.752138635053,-0.8341022965037506,-0.5516097886796146,2.184926468465552,234.24137897347794,0.6517571749851463,0.3314333607926891,1.0,227.67332342927142,28.117254249628648,51.31363053778234,1.0362423005659367,225.98149,0.00012867915728036555,9659.36318473111,1.0,0.005537450436370932,0.01745669,102.62726107556468,0.429240316578914,6.5287569125409614e-06,422259967925.29504,-1404682026173.896,0 days 02:07:00,-8.726549858880026e-11,-1.317709028690884e-12,844.0603067908081,741.0187058902658,897.1381011362246,249.04202065799564,177.39749006995328,332.8945098276308,179.88211,161.9407,204.88821,-3.0978866,-4.4110374,-1.7767155,1.1152744,0.36701927,1.8147558,-1.9826123,-2.5962815,-1.0631647,-1.0,9666.849712906462,1.0400517138171421,0.007110002383028037,187565079489.54785,37446705666.66297,1.5563142915269927e-05,7411.44217511584,352.27370385734696,0.0410660304235565,0.24522758,2.1166666666666667,-3.0978866,1.1152744,-1.9826123,179.88211,844.0603067908081,249.04202065799564,10622.752138635053,10622.752138635053,0.00012446218,6.8183755e-07,95883.54,0.96599,-160.61662,0.9988280457016029,0.9988280457016029,0.9999999999999997,-4.832182383307686e-13,1.6060722e-12,2.9300667e-16,5.572783128637696e-13,-1.816092311593624e-13,-1.816092311593624e-13,7.480000000000002e-16,-1.3419368816421248e-14,1.1228539621463648e-12,865.3514122984695,3.3311402965267987e-14,6.594062164860169e-14,-1.9291898486939845e-12,0.00012446218,6.8183755e-07,95883.54,0.96599,-160.61662,0.9988280457016029,0.9988280457016029,0.9999999999999997,-4.832182383307686e-13,1.6060722e-12,2.9300667e-16,5.572783128637696e-13,-1.816092311593624e-13,-1.816092311593624e-13,7.480000000000002e-16,-1.3419368816421248e-14,1.1228539621463648e-12,865.3514122984695,3.3311402965267987e-14,6.594062164860169e-14,-1.9291898486939845e-12
114,114,114,132.26726531982422,33.93746586169227,9700.26,885974.0,TVJ571,174.396666516,0.6395665577956972,34610D,225.81621,68.53895,19.24247,232.99786953592417,66390.80270213509,0.41193566171803714,0.4470243279819032,32.50001212180663,34.0087005946484,0.0,0.0001276341409077,27671.763866214973,1.0420240227974558,0.2708334343483886,0.5533141150239999,cruise,15,GTF2035_wi,0,43031,1.237,3.16,3.16,13.12290251624782,1.966760447048296,0.7734488993041239,17.00485819756108,12.158275247676915,23.64849823264062,1474941080476604.5,14.7060554771785,738.757829912829,1063.97268585959,0.0127634140908,0.0148915039489907,0.193535927216238,17.0043502973242,12.9963990124285,12.994740439896134,15.147813291732009,0.4901255457643275,341198058786615.3,0.4470243279819032,0.0010428984174123209,4.0197767640908104e-06,3.16,35.8,2023-02-06 02:54:00,0.00012763411007485483,1.0420233746577376,1.0,114,276.7176386621497,0.00012763411007485483,68.53895,19.24247,1.0420233746577376,0.21789202,1.9903608e-05,0.42689805655978036,895.6036076824004,10445.035681619289,-0.8359111418128901,-0.5488647948202457,2.1787496360646434,234.21086084928584,0.6538230729648764,0.3379824703370735,1.0,227.66015243293396,28.117254249628648,52.13640048673066,1.0396292803670772,225.98807,0.00012949267314960527,9674.191799756634,1.0,0.005366411366911734,0.016948532,104.27280097346132,0.4282638444901984,6.648409395070993e-06,390647587299.0107,-1447222979590.8418,0 days 02:06:00,-8.990834404506664e-11,-1.3576159950805062e-12,845.9033398719688,743.2534636687865,898.5758719588099,254.75058108290642,183.46299736019273,336.7478690291224,176.5079,160.17618,200.34584,-3.1522903,-4.6116743,-1.9014993,1.0415962,0.36303055,1.7230377,-2.1106942,-2.8886366,-1.2919374,-1.0,9689.232982731975,1.0403668468269913,0.003749972780869667,168363818820.36377,42359665207.31025,1.5906884809194665e-05,6386.904498770273,353.57188850307284,0.04285200843382972,0.24641606,2.1,-3.1522903,1.0415962,-2.1106942,176.5079,845.9033398719688,254.75058108290642,10445.035681619289,10445.035681619289,0.00012524397,6.172734e-07,96075.04,0.9684266,-158.95653,0.9927604543596399,0.9927604543596399,0.9999999999999999,-4.824442484939948e-13,1.6098186e-12,2.9117464e-16,5.546151523299088e-13,-1.8960079019023606e-13,-1.8960079019023606e-13,7.48e-16,-1.4641085454583572e-14,1.1273743340834128e-12,866.8089342308219,3.1534980093647273e-14,6.339734781385591e-14,-1.980387018800228e-12,0.00012524397,6.172734e-07,96075.04,0.9684266,-158.95653,0.9793943382688008,0.9927604543596399,0.9866338839091608,-4.824442484939948e-13,1.6098186e-12,2.9117464e-16,5.455072432015139e-13,-1.869823722912421e-13,-1.869823722912421e-13,7.48e-16,-1.4222138590744536e-14,1.1273743340834128e-12,866.8089342308219,3.1534980093647273e-14,6.339734781385591e-14,-1.9530375504158458e-12
115,115,115,132.20518112182617,33.858932236493644,9700.26,885974.0,TVJ571,173.367777628,0.6409545608135916,34610D,225.91783,68.09975,19.342041,231.3212876476176,66358.30269001328,0.41101964907686117,0.447006070116387,32.47504657664378,34.1776220175026,-25.09676774133473,0.0001297247773561,27671.763866214973,1.0461958467132009,0.2706253881386981,0.5528564637787944,cruise,15,GTF2035_wi,0,43031,1.237,3.16,3.16,13.095766881536784,1.9626661867875024,0.7677105850092337,17.089508110823175,12.14428400182474,23.71840969885717,1478240919507116.0,14.6819660124911,738.601606734833,1064.59619261208,0.0129724777356,0.0149184541151466,0.193513402703908,17.0888110087513,12.9714111938338,12.969728698665996,15.14564203765765,0.4897209922005571,342261234372896.7,0.447006070116387,0.0010421265303320636,4.028737800074739e-06,3.16,35.8,2023-02-06 02:55:00,0.00012972480318561625,1.046196383065029,1.0,115,276.7176386621497,0.00012972480318561625,68.09975,19.342041,1.046196383065029,0.23008098,2.0867905e-05,0.4267060337322435,897.5470568179958,10395.233443222456,-0.8355439733167919,-0.5494235785384427,2.175365054632912,234.19410603925118,0.6570969685651771,0.36261613706611845,1.0,227.66901470649603,28.117254249628648,52.61929381531172,1.0436867361914535,226.0931,0.00013164724837769554,9673.950353092345,1.0,0.005290714230770845,0.016791677,105.23858763062344,0.4280805750163437,7.150785691982626e-06,396889181400.7193,-1538902430140.4507,0 days 02:05:00,-9.560390561237071e-11,-1.4436189747467978e-12,847.8618096028913,745.7220075996792,899.9995691786685,262.8648491536725,191.16915115436666,341.30663704976223,173.22212,158.34827,194.86867,-3.288597,-4.7926664,-2.214353,1.0252278,0.37287375,1.6729097,-2.2633693,-3.1197567,-1.5220339,-1.0,9706.143384690453,1.0394553589076678,0.003282947001996327,168757818193.58783,52014211435.07263,1.6148799125896534e-05,5733.127029759811,349.5644574182288,0.04641984911589909,0.2515224,2.0833333333333335,-3.288597,1.0252278,-2.2633693,173.22212,847.8618096028913,262.8648491536725,10395.233443222456,10395.233443222456,0.00012692146,5.2910934e-07,96115.28,0.9704566,-157.35983,1.0,1.0,1.0,-4.823099864903774e-13,1.6129099e-12,2.9029407e-16,5.606811663989975e-13,-1.999211073816052e-13,-1.999211073816052e-13,7.48e-16,-1.6251284900373774e-14,1.1305998617841032e-12,868.2440573037528,3.160050706008242e-14,6.339475846876209e-14,-2.07822658145933e-12,0.00012692146,5.2910934e-07,96115.28,0.9704566,-157.35983,0.9748733497850639,1.0,0.9748733497850639,-4.823099864903774e-13,1.6129099e-12,2.9029407e-16,5.435817272636795e-13,-1.9495955158401056e-13,-1.9495955158401056e-13,7.48e-16,-1.5457435972758634e-14,1.1305998617841032e-12,868.2440573037528,3.160050706008242e-14,6.339475846876209e-14,-2.02665005070176e-12
116,116,116,132.14338652941646,33.78080749511719,9692.64,885974.0,TVJ571,171.824444296,0.6423285797869773,34610D,226.07109,67.57951,19.393198,230.35510514605707,66325.82764343663,0.41008993251893405,0.460364185904379,33.29982117339215,35.2666522331526,25.107875150282567,0.0001321134595179,27703.78126576986,1.0471868845608252,0.2774985097782679,0.5671008025972429,cruise,15,GTF2035_wi,0,43031,1.237,3.16,3.16,13.286819280671642,1.9912675244395863,0.7642448630181686,17.633168033095018,12.275900064386247,24.511346095557663,1515667719603696.0,14.9434705270335,741.75925544174,1071.24921833565,0.0132113459518,0.0150901220953688,0.1985257689098,17.6333261165763,13.1560081260527,13.154270269899913,15.151014383160764,0.4982562488011728,354580574838547.6,0.460364185904379,0.001056918566545702,4.249960722664014e-06,3.16,35.8,2023-02-06 02:56:00,0.00013211346906403758,1.0471870793858262,1.0,116,277.0378126576986,0.00013211346906403758,67.57951,19.393198,1.0471870793858262,0.24496676,2.2000746e-05,0.4269101398157613,899.4709227787055,10250.633644875059,-0.8355860088153869,-0.5493596471092248,2.1744541138610107,234.1895926394865,0.6587101448112733,0.39467402557079123,1.0,227.67694654636037,28.117254249628648,52.82789057629554,1.044460468532892,226.24896,0.00013407984786129764,9666.226054711851,1.0,0.005260932801920717,0.016728573,105.65578115259108,0.4282870218681958,7.4488626521654116e-06,419364374134.1376,-1614583844702.8022,0 days 02:04:00,-1.0030559343397576e-10,-1.514614460853034e-12,849.9269439782984,748.4632306017164,901.4145531209139,270.89101868532964,196.15658997671642,347.3517479451326,170.25635,156.48514,190.15424,-3.5144417,-4.974989,-2.6794658,1.0164868,0.3829012,1.5664067,-2.4979548,-3.4085822,-1.917458,-1.0,9711.00277369715,1.0401586839355397,0.0029145523546342234,191619790036.44382,54092838343.10782,1.6116609499924895e-05,5962.502114152584,341.4837374404356,0.05142719701761219,0.26116294,2.066666666666667,-3.5144417,1.0164868,-2.4979548,170.25635,849.9269439782984,270.89101868532964,10250.633644875059,10250.633644875059,0.00012910433,4.2717997e-07,96079.48,0.9727629,-155.77585,1.0,1.0,1.0,-4.824987967339658e-13,1.6157438e-12,2.89569e-16,5.647457637203484e-13,-2.0876120622686444e-13,-2.0876120622686444e-13,7.48e-16,-1.7632039570104215e-14,1.133244955207271e-12,869.6717084357688,3.308400685574744e-14,6.528921713630776e-14,-2.139934644293797e-12,0.00012910433,4.2717997e-07,96079.48,0.9727629,-155.77585,0.968392075290703,1.0,0.968392075290703,-4.824987967339658e-13,1.6157438e-12,2.89569e-16,5.432649267280242e-13,-2.0246132076564128e-13,-2.0246132076564128e-13,7.48e-16,-1.6624057896308514e-14,1.133244955207271e-12,869.6717084357688,3.308400685574744e-14,6.528921713630776e-14,-2.075356826426124e-12
117,117,117,132.08251330317285,33.703765869140625,9700.26,885974.0,TVJ571,170.795555408,0.643680761649568,34610D,226.11786,67.22736,19.579636,229.8506156175289,66292.52782226323,0.4099912304268619,0.453493857070596,32.85786175223015,34.8082142549542,0.0,0.0001328247522478,27671.763866214973,1.0457069786605795,0.2738155146019179,0.5603621935563544,cruise,15,GTF2035_wi,0,43031,1.237,3.16,3.16,13.16608680621579,1.973164238714259,0.7624923057300006,17.404105031875645,12.199051128699333,24.17063476077262,1499586057731823.0,14.7891747041643,740.279146843675,1068.54388809489,0.0132824752248,0.0150251750157192,0.195912333045153,17.4041071274771,13.0389385042232,13.037206840454612,15.14815195195584,0.4942241893887047,348679553575436.8,0.453493857070596,0.001049306176352071,4.14426069561363e-06,3.16,35.8,2023-02-06 02:57:00,0.00013282478079004365,1.045707557239091,1.0,117,276.7176386621497,0.00013282478079004365,67.22736,19.579636,1.045707557239091,0.25110206,2.2608374e-05,0.42632855798606645,901.364208709575,10225.086540414755,-0.8355906431224406,-0.5493525981791896,2.1715790762148206,234.17533683389337,0.6580817861618165,0.406560197795858,1.0,227.6588436044124,28.117254249628648,53.32235256173675,1.043129675975594,226.29886,0.0001348649617211565,9673.598823719132,1.0,0.005136972343761101,0.016378475,106.6447051234735,0.42771412867073594,7.142644743124429e-06,395423308289.67554,-1565926937244.688,0 days 02:03:00,-9.728279595383214e-11,-1.4689702189028655e-12,851.8423024774416,750.9428913509199,902.8043526227175,278.41669212587914,200.48097728841992,354.29867635318624,167.91771,154.72337,187.10446,-3.2899747,-4.761297,-2.501094,0.8957049,0.30819032,1.3667383,-2.3942697,-3.394559,-1.8301437,-1.0,9718.833443040927,1.0405319207129684,0.0046184120018892974,179396280294.98184,57150955660.80972,1.6239223552073136e-05,5742.0576572757545,342.3995065771529,0.049720811620079935,0.26627076,2.05,-3.2899747,0.8957049,-2.3942697,167.91771,851.8423024774416,278.41669212587914,10225.086540414755,10225.086540414755,0.00013013685,3.8341597e-07,96193.48,0.97240007,-154.41302,0.9686927790378272,0.9686927790378272,1.0,-4.820495036141252e-13,1.6191573e-12,2.876669e-16,5.519046102926304e-13,-2.0953869171386012e-13,-2.0953869171386012e-13,7.480000000000001e-16,-1.770812328058176e-14,1.1371077313680672e-12,871.0765026914953,3.246582927367699e-14,6.431486160483759e-14,-2.142551256339508e-12,0.00013013685,3.8341597e-07,96193.48,0.97240007,-154.41302,0.9419751403756776,0.9686927790378272,0.9732823613378502,-4.820495036141252e-13,1.6191573e-12,2.876669e-16,5.33687421002315e-13,-2.040582126718906e-13,-2.040582126718906e-13,7.480000000000001e-16,-1.6831246633866637e-14,1.1371077313680672e-12,871.0765026914953,3.246582927367699e-14,6.431486160483759e-14,-2.0865128838524403e-12
118,118,118,132.02184677124023,33.62691588320975,9700.26,885974.0,TVJ571,170.281110964,0.6450215321987022,34610D,226.21295,66.75905,19.692366,229.3399010660065,66259.669960511,0.40928547674668214,0.4702131021235822,33.91260735227027,36.109616698812,50.25762492599591,0.0001340296576395,27671.763866214973,1.0431969632548173,0.2826050612689189,0.578947732908666,cruise,15,GTF2035_wi,0,43031,1.237,3.16,3.16,13.404747818110694,2.008915538955798,0.7606381536336141,18.05486295985872,12.369139261884689,25.178775541641595,1547170559631090.8,15.1218142652915,744.326500496653,1076.90921561392,0.013402965764,0.0152371510785429,0.202266087007825,18.054808349406,13.2745344562907,13.272755513413305,15.149035780861084,0.5053344666086091,364238507205551.8,0.4702131021235822,0.0010689066275948983,4.427973254064064e-06,3.16,35.8,2023-02-06 02:58:00,0.00013402969229888884,1.0431976578471365,1.0,118,276.7176386621497,0.00013402969229888884,66.75905,19.692366,1.0431976578471365,0.25991127,2.3404942e-05,0.4261493481637335,903.2415141649618,10212.004323243982,-0.8363509816155906,-0.548194341042151,2.168986845250211,234.16246899831506,0.6571158826897395,0.42735385592812714,1.0,227.63950774883958,28.117254249628648,53.61130004901747,1.0406538019651281,226.3965,0.0001361280330084163,9673.454349975491,1.0,0.005069496025349451,0.016198575,107.22260009803495,0.4275390334131037,6.993920114185058e-06,415428956972.4658,-1580505841701.701,0 days 02:02:00,-9.818850652933162e-11,-1.4826464485929075e-12,853.8109675569818,753.4978518371977,904.3753485007044,287.2743830843255,205.8309817200102,363.9149281801134,165.78787,153.17322,184.142,-3.2709394,-4.6763153,-2.7124393,0.81577843,0.28792372,1.2175305,-2.4551609,-3.4587848,-1.7965027,-1.0,9724.057873615482,1.03983565193326,0.002163928888385721,195469662770.11978,62406140567.56829,1.589355093454092e-05,6102.36781675516,337.52337842553675,0.05164591234855428,0.27314514,2.033333333333333,-3.2709394,0.81577843,-2.4551609,165.78787,853.8109675569818,287.2743830843255,10212.004323243982,10212.004323243982,0.00013166359,3.4716956e-07,96231.11,0.9715325,-153.11934,0.9729920250173322,0.9729920250173322,1.0,-4.819241694017306e-13,1.6222158e-12,2.8363197e-16,5.569466543029365e-13,-2.176738153174403e-13,-2.176738153174403e-13,7.479999999999999e-16,-1.897238658070849e-14,1.1402916843654253e-12,872.4757659423299,3.438758712195306e-14,6.668599831364812e-14,-2.222885943078712e-12,0.00013166359,3.4716956e-07,96231.11,0.9715325,-153.11934,0.9551802659092323,0.9729920250173322,0.9821882408919003,-4.819241694017306e-13,1.6222158e-12,2.8363197e-16,5.447224465764226e-13,-2.1388368936810704e-13,-2.1388368936810704e-13,7.479999999999999e-16,-1.836596642881518e-14,1.1402916843654253e-12,872.4757659423299,3.438758712195306e-14,6.668599831364812e-14,-2.1841811604984818e-12
119,119,119,131.96143948301977,33.55009460449219,9715.5,885974.0,TVJ571,171.309999852,0.6463530724706803,34610D,226.20375,66.47223,19.933102,229.4275140005968,66225.75735315874,0.4093497506694624,0.4732739053691959,34.11114129235577,36.3364946852964,75.41541234292595,0.0001340929023549,27607.81895290408,1.0424294738400206,0.2842595107696314,0.5836499401556078,cruise,15,GTF2035_wi,0,43031,1.237,3.16,3.16,13.437438215141816,2.0138138671807884,0.7609442152414702,18.16894414873577,12.400056846616426,25.42703324910244,1558888386720672.2,15.1742761847167,745.348124970427,1078.94848452609,0.0134092902355,0.0152881136499386,0.203431781608797,18.1682473426482,13.3065325302324,13.304748457896576,15.149462959747432,0.5081849770666725,367050917985419.4,0.4732739053691959,0.0010731689643586348,4.486771434845836e-06,3.16,35.8,2023-02-06 02:59:00,0.00013409293861365174,1.0424301996064116,1.0,119,276.07818952904086,0.00013409293861365174,66.47223,19.933102,1.0424301996064116,0.26085433,2.3704764e-05,0.4251818788241402,905.1058933209639,10266.97726930356,-0.8361918958754702,-0.5484369729259571,2.1642102713976827,234.1387224133628,0.6565731046925806,0.4297952603118776,1.0,227.6131712445621,28.117254249628648,54.17531505275194,1.040137540119567,226.39064,0.00013627373717302327,9688.412342473624,1.0,0.0048976450743174384,0.01578056,108.35063010550388,0.42658112639776297,6.84708421615517e-06,415034743147.8181,-914185883204.8923,0 days 01:31:00,-5.6793555704571594e-11,-8.575826911390313e-13,855.7000680765916,755.8920329468197,906.0018714457483,297.42929170940397,210.25177415775715,377.17075538396466,164.05132,151.74594,181.42885,-3.679644,-4.8763413,-2.969433,0.94571286,0.28089005,1.3779383,-2.733931,-3.498403,-2.130014,-1.0,9746.348299018082,1.0412240344527521,0.010355969182914194,254715859122.4752,100907931138.81,1.4950109913812799e-05,5553.469225824605,320.0807239494807,0.06089633747642561,0.2728795,2.0166666666666666,-3.679644,0.94571286,-2.733931,164.05132,855.7000680765916,297.42929170940397,10266.97726930356,10266.97726930356,0.00013210165,3.2730114e-07,96419.66,0.96948844,-151.79039,0.9933774192985175,0.9933774192985175,1.0,-4.811551383338425e-13,1.6258369e-12,2.8100813e-16,5.668346768715506e-13,-2.295254158957933e-13,-2.295254158957933e-13,7.479999999999999e-16,-2.08141947641568e-14,1.1446818195761383e-12,873.8745065001779,3.4883230669895996e-14,6.712008387858366e-14,-2.3565322277295558e-12,0.00013210165,3.2730114e-07,96419.66,0.96948844,-151.79039,0.9849533537578716,0.9933774192985175,0.9915759344593542,-4.811551383338425e-13,1.6258369e-12,2.8100813e-16,5.610112701276941e-13,-2.2766988924086997e-13,-2.2766988924086997e-13,7.479999999999999e-16,-2.051731049936906e-14,1.1446818195761383e-12,873.8745065001779,3.4883230669895996e-14,6.712008387858366e-14,-2.337481577740871e-12
120,120,120,131.9007344148597,33.47287452827066,9738.36,885974.0,TVJ571,172.853333184,0.6476800509111142,34610D,226.1378,66.26844,20.220411,229.41138032287884,66191.64621186638,0.40983470080146583,0.4589602008272659,33.19428469302729,35.2817594929808,0.0,0.0001334518738492,27512.12597561516,1.04208038785413,0.2766190391085608,0.5693165765537278,cruise,15,GTF2035_wi,0,43031,1.237,3.16,3.16,13.210359788497204,1.9797910210065828,0.761001623409619,17.641076858973165,12.24754860581765,24.680955775511453,1523673339742322.5,14.8706377068875,742.221737427966,1072.70997442845,0.0133451873849,0.0151325316303048,0.197971006601134,17.6408797464904,13.0824776341238,13.080731985928958,15.148515169739568,0.4995277051465295,353876150058782.6,0.4589602008272659,0.0010570816207372143,4.252550799972863e-06,3.16,35.8,2023-02-06 03:00:00,0.0001334519321858344,1.042081560756285,1.0,120,275.12125975615163,0.0001334519321858344,66.26844,20.220411,1.042081560756285,0.25856045,2.3837314e-05,0.42383170125451464,906.963883537297,10456.206933537282,-0.8365063544889995,-0.5479572236037448,2.158479798970402,234.11017230029614,0.6559283677180587,0.42218760737205574,1.0,227.5815736603239,28.117254249628648,54.97140167595449,1.040432122556034,226.32883,0.0001357668150745268,9710.874299162024,1.0,0.004665567271005386,0.01527047,109.94280335190898,0.4252454743387569,6.5302900994343294e-06,382577179691.3597,-588935779899.0857,0 days 01:30:00,-3.65874792387464e-11,-5.524709365050707e-13,874.2276128545055,832.4655345571982,907.6126725649831,310.935722392266,253.39278065094823,354.08514570951434,161.24823,159.35022,164.7775,-1.8863668,-1.9644287,-1.7386491,0.48020646,0.4706636,0.49486342,-1.4061604,-1.485359,-1.2635568,-1.0,9753.898486135366,1.044583551508814,0.022478812046857786,72077669867.64848,19602924529.917313,2.3445761781612363e-05,6502.544736155072,343.6577497441828,0.03400832938567134,0.27992934,1.5,-1.8863668,0.48020646,-1.4061604,161.24823,874.2276128545055,310.935722392266,10456.206933537282,10456.206933537282,0.00013193043,3.1794605e-07,96683.71,0.9665504,-150.64314,0.967448719087425,0.967448719087425,0.9999999999999998,-4.800618180496971e-13,1.6296621e-12,2.7923828e-16,5.535509521395971e-13,-2.296816411279451e-13,-2.296816411279451e-13,7.48e-16,-2.077702046934333e-14,1.1496002942950377e-12,875.2787011886917,3.346429387851288e-14,6.509010284948351e-14,-2.4015987684682413e-12,0.00013193043,3.1794605e-07,96683.71,0.9665504,-150.64314,0.91293463738175,0.967448719087425,0.9454859182943247,-4.800618180496971e-13,1.6296621e-12,2.7923828e-16,5.16173301554491e-13,-2.165183057385013e-13,-2.165183057385013e-13,7.48e-16,-1.867088680703232e-14,1.1496002942950377e-12,875.2787011886917,3.346429387851288e-14,6.509010284948351e-14,-2.263960209700662e-12
121,121,121,131.83902039819836,33.39420124635858,9738.36,885974.0,TVJ571,172.853333184,0.6490152161334958,34610D,226.22162,65.69469,20.324629,229.4564466696882,66158.45192717336,0.409902421312052,0.4553088186168745,32.96053868011934,34.999973911314,0.0,0.0001343431966325,27512.12597561516,1.0385226205395974,0.2746711556676612,0.5661057981810399,cruise,15,GTF2035_wi,0,43031,1.237,3.16,3.16,13.150129771195406,1.9707528352097152,0.7610101356096826,17.499433272903637,12.20899595516522,24.47621780293492,1514009655235360.2,14.793232854071,741.585475289327,1071.2790649659,0.0134343196633,0.0150941502737831,0.196589960497541,17.499986955657,13.0242482638454,13.022498779731189,15.146880431227377,0.4977784920796934,350326837143655.25,0.4553088186168745,0.0010536465339641738,4.194852416292302e-06,3.16,35.8,2023-02-06 03:01:00,0.00013434321073868278,1.0385229013098787,1.0,121,275.12125975615163,0.00013434321073868278,65.69469,20.324629,1.0385229013098787,0.27099526,2.503858e-05,0.4236746624480594,908.8333370423428,10352.968404977477,-0.837877726403859,-0.5458579628404262,2.158729168828299,234.11141609468373,0.6542269565333289,0.43799981292947665,1.0,227.56999537146075,28.117254249628648,55.2444257436053,1.037387420042229,226.4161,0.0001367919864933462,9710.737787128199,1.0,0.004562761653375844,0.015104945,110.4888514872106,0.42509035220142155,6.009288668422334e-06,355559297218.1227,-559805645173.9854,0 days 01:29:00,-3.4777777339399893e-11,-5.251444378249385e-13,876.2758474685783,834.8611678024848,909.3279336851068,319.93984893342196,263.99654377904733,358.1017373960443,159.94695,157.7498,163.70642,-1.7779098,-1.9314959,-1.6676148,0.43400598,0.4247362,0.44320682,-1.3439039,-1.4882891,-1.2335399,-1.0,9753.064339143695,1.0504156133239848,0.009178730645267379,70629302066.37991,19308759839.954994,2.3633287693592713e-05,6647.145961527202,344.7136918392523,0.03354477198193528,0.2907636,1.4833333333333334,-1.7779098,0.43400598,-1.3439039,159.94695,876.2758474685783,319.93984893342196,10352.968404977477,10352.968404977477,0.00013343293,2.919816e-07,96722.26,0.964873,-149.88371,0.9262691553034244,0.9262691553034244,0.9999999999999998,-4.799301250776057e-13,1.6326631e-12,2.7536197e-16,5.370389063987617e-13,-2.241472338445403e-13,-2.241472338445403e-13,7.48e-16,-1.9854666531312916e-14,1.1527329940383538e-12,876.7059213954315,3.318035124603236e-14,6.457226090330004e-14,-2.3205892300556236e-12,0.00013343293,2.919816e-07,96722.26,0.964873,-149.88371,0.7171890481646327,0.9262691553034244,0.7909198928612081,-4.799301250776057e-13,1.6326631e-12,2.7536197e-16,3.9388898092145987e-13,-1.7312238388992886e-13,-1.7312238388992886e-13,7.48e-16,-1.1690690538575087e-14,1.1527329940383538e-12,876.7059213954315,3.318035124603236e-14,6.457226090330004e-14,-1.7923305706068151e-12
122,122,122,131.77820434570313,33.31617736816406,9738.36,885974.0,TVJ571,173.367777628,0.6503338914745639,34610D,226.30391,65.129295,20.414656,229.2538379190844,66125.49138849323,0.40955269449393034,0.4625945461295342,33.41905291571811,35.5610945388124,50.331965723550375,0.0001350081582658,27512.12597561516,1.0333961319807037,0.2784921076309842,0.5746329869568362,cruise,15,GTF2035_wi,0,43031,1.237,3.16,3.16,13.250515583758464,1.9857884098587333,0.7601999017120922,17.780617786831886,12.28320855978466,24.92302846642248,1535099232473780.0,14.9364879072525,743.461167551382,1075.10389583936,0.0135008158266,0.0151898686853395,0.199360515419579,17.7805472694062,13.1245713540626,13.12279966904799,15.1458541241111,0.5029351487702332,357060487243158.56,0.4625945461295342,0.0010626371922124445,4.3202817172053754e-06,3.16,35.8,2023-02-06 03:02:00,0.0001350081720154192,1.0333964029629135,1.0,122,275.12125975615163,0.0001350081720154192,65.129295,20.414656,1.0333964029629135,0.28064206,2.6069332e-05,0.42352060329825136,910.6796984456422,10441.22059859802,-0.8383720414511966,-0.545098449927124,2.1574517729920135,234.1050434216828,0.6515240584189534,0.45451573326187494,1.0,227.54386978555934,28.117254249628648,55.54419231396487,1.0326523622402735,226.502,0.00013757464166183397,9710.587903843018,1.0,0.004465195721933526,0.014960819,111.08838462792974,0.4249388419882172,5.388912095981616e-06,342491108662.0724,-557373902064.1808,0 days 01:28:00,-3.462670594319573e-11,-5.228632597422555e-13,878.2935325537528,837.21203498537,911.0296374209264,326.53494694177357,272.66021613771375,360.0805407412389,159.1657,156.64688,163.50076,-1.7924786,-1.9714128,-1.6399543,0.42580628,0.3976656,0.44230616,-1.3666722,-1.5339657,-1.2422887,-1.0,9757.738615697532,1.056405937113926,0.007736361139240844,74772438516.73265,18850546278.336872,2.3891311397463102e-05,6944.668081836103,342.7668319994268,0.03486680457869152,0.29377523,1.4666666666666666,-1.7924786,0.42580628,-1.3666722,159.1657,878.2935325537528,326.53494694177357,10441.22059859802,10441.22059859802,0.00013488579,2.8010083e-07,96760.41,0.96283424,-149.19434,0.9601002553643531,0.9601002553643531,1.0000000000000002,-4.797998877982414e-13,1.6356535e-12,2.7031188e-16,5.55895689568266e-13,-2.3602341581349867e-13,-2.3602341581349867e-13,7.48e-16,-2.171933711318681e-14,1.155853656767835e-12,878.1213607016481,3.409099068761949e-14,6.560552860772746e-14,-2.464372550943368e-12,0.00013488579,2.8010083e-07,96760.41,0.96283424,-149.19434,0.6029860515806452,0.9601002553643531,0.6428857962162923,-4.797998877982414e-13,1.6356535e-12,2.7031188e-16,3.117388688790922e-13,-1.479644848714045e-13,-1.479644848714045e-13,7.48e-16,-7.629908162451752e-15,1.155853656767835e-12,878.1213607016481,3.409099068761949e-14,6.560552860772746e-14,-1.5449298273002538e-12
123,123,123,131.71701049804688,33.23744201660156,9753.6,885974.0,TVJ571,171.824444296,0.651651932789778,34610D,226.2834,64.71742,20.587507,228.9429004925492,66092.07233557751,0.41017650877547546,0.4356915711253937,31.72122485454576,33.5895511581946,0.0,0.000134427428272,27448.480002484983,1.0291023078531152,0.2643435404545479,0.5463502239181101,cruise,15,GTF2035_wi,0,43031,1.237,3.16,3.16,12.826299003210751,1.9222206440923624,0.7592032600337473,16.79483794217986,11.997350629157054,23.42431919714682,1464359772843125.0,14.3733767310881,737.256789867672,1062.99622020936,0.0134427428272,0.014890236759087,0.189264283959816,16.7947755790973,12.7106295905143,12.708921162926256,15.138413772624409,0.4862384714683123,333312555193545.4,0.4356915711253937,0.0010321805247069619,3.893198180452183e-06,3.16,35.8,2023-02-06 03:03:00,0.00013442746556249552,1.029103042894731,1.0,123,274.48480002484985,0.00013442746556249552,64.71742,20.587507,1.029103042894731,0.2835824,2.6799858e-05,0.422579138139646,912.5251711308189,10225.145720975393,-0.8435861179152987,-0.5369939121261952,2.1547361947079358,234.09148484571747,0.6486864843724953,0.4530389039617589,1.0,227.51012900986825,28.117254249628648,56.30033505972308,1.0291136973836994,226.4872,0.00013716914571150252,9725.449832470138,1.0,0.004233943417436592,0.014663553,112.60067011944616,0.42400862141907375,4.4495764714831e-06,274723751978.34506,-482845852155.6,0 days 01:27:00,-2.9996670595026373e-11,-4.529497259848982e-13,880.2386773075413,839.4266439519762,912.7172786785846,331.3100070601454,278.30744229181994,362.53905602233465,158.35693,155.97717,163.00873,-1.5643015,-1.7202573,-1.484714,0.36495587,0.33932558,0.3789852,-1.1993457,-1.3412721,-1.1113765,-1.0,9773.97102695724,1.0517570707738608,0.005592890145813833,60420693871.93945,16474746766.398453,2.4546002924093427e-05,6595.79724409724,347.9549031241381,0.031313096069393254,0.2888417,1.45,-1.5643015,0.36495587,-1.1993457,158.35693,880.2386773075413,331.3100070601454,10225.145720975393,10225.145720975393,0.00013519483,2.7236788e-07,96949.65,0.96134025,-148.70476,0.9788615466260668,0.9788615466260668,1.0,-4.79022211733937e-13,1.6389844e-12,2.647703e-16,5.647034241013719e-13,-2.4310271937158675e-13,-2.4310271937158675e-13,7.479999999999999e-16,-2.280415629876199e-14,1.1599621916216278e-12,879.5488659865152,3.129895969913338e-14,6.179012717026023e-14,-2.485760730739862e-12,0.00013519483,2.7236788e-07,96949.65,0.96134025,-148.70476,0.5124204273050155,0.9788615466260668,0.5335588806789484,-4.79022211733937e-13,1.6389844e-12,2.647703e-16,2.458447893889395e-13,-1.2721628164334754e-13,-1.2721628164334754e-13,7.479999999999999e-16,-4.262326262243715e-15,1.1599621916216278e-12,879.5488659865152,3.129895969913338e-14,6.179012717026023e-14,-1.3008050178838756e-12
124,124,124,131.65802624760843,33.15985728118379,9753.6,885974.0,TVJ571,172.853333184,0.6529486092468779,34610D,226.37605,64.0538,20.598207,227.56147161910167,66060.35111072297,0.4092979966079157,0.4394346494254026,31.934472402399543,34.0107823492736,0.0,0.0001360584165206,27448.480002484983,1.0300654017026944,0.2661206033533295,0.5500901482904266,cruise,15,GTF2035_wi,0,43031,1.237,3.16,3.16,12.861563852250685,1.9274846538258863,0.7544678087675909,17.005489137995497,12.025438848704086,23.70122104395352,1477429610613130.0,14.4303895639398,738.051253422922,1065.31816951478,0.0136058416521,0.0149574278026632,0.190642638585131,17.0053911746368,12.7456833554756,12.743949433895406,15.138310030286911,0.4882958042321493,337510174598028.0,0.4394346494254026,0.0010358130145156172,3.960367498808132e-06,3.16,35.8,2023-02-06 03:04:00,0.0001360584788032716,1.030066615792288,1.0,124,274.48480002484985,0.0001360584788032716,64.0538,20.598207,1.030066615792288,0.301679,2.86162e-05,0.4224061871708989,914.3407251810636,10419.319819615353,-0.8509604994641979,-0.5252296910415888,2.151534624032368,234.0754803351835,0.6498852639024342,0.4727277104288094,1.0,227.50400978053918,28.117254249628648,56.96228939893584,1.0304477264051197,226.58755,0.00013900199114105896,9725.118855300532,1.0,0.0040659842682970295,0.014552193,113.92457879787167,0.4238421493181886,4.547103481762355e-06,275126699003.9334,-492802377289.5868,0 days 01:26:00,-3.0615217080166434e-11,-4.622897779105132e-13,882.2530084931158,841.7716585314911,914.4244995567117,336.1227594696783,284.11876546508483,364.74511723249293,157.33003,154.64735,162.05965,-1.5785078,-1.671561,-1.5042377,0.35072935,0.30616036,0.39367712,-1.2277783,-1.3192104,-1.1660473,-1.0,9786.587506850963,1.0452557749573999,0.011458773436883035,65279041561.01928,15573098235.666552,2.4333652459018642e-05,6955.5148147382415,339.6891323278365,0.032040632223500794,0.2853869,1.4333333333333333,-1.5785078,0.35072935,-1.2277783,157.33003,882.2530084931158,336.1227594696783,10419.319819615353,10419.319819615353,0.00013694166,2.0020259e-07,96988.16,0.9643365,-148.73515,0.8914460547493833,0.8914460547493833,1.0,-4.788881503031389e-13,1.6416937e-12,2.6094142e-16,5.254618724369711e-13,-2.217518145115705e-13,-2.217518145115705e-13,7.480000000000001e-16,-1.935487610609608e-14,1.162805599624516e-12,880.9511433670193,3.1756602016950786e-14,6.232097352923016e-14,-2.310503075976074e-12,0.00013694166,2.0020259e-07,96988.16,0.9643365,-148.73515,0.42262511325132657,0.8914460547493833,0.5311790585019432,-4.788881503031389e-13,1.6416937e-12,2.6094142e-16,2.0295796062887074e-13,-1.0539866418830554e-13,-1.0539866418830554e-13,7.480000000000001e-16,-7.383720543736886e-16,1.162805599624516e-12,880.9511433670193,3.1756602016950786e-14,6.232097352923016e-14,-1.0981823907381948e-12
125,125,125,131.59929199218752,33.080108642578125,9753.6,885974.0,TVJ571,172.33888874,0.654264341096465,34610D,226.471,63.38056,20.573599,226.73057681939687,66028.41663832057,0.4090979054369753,0.4291310260578907,31.280827857784665,33.318735960461,50.39074614782908,0.0001377441036473,27448.480002484983,1.0310180514874578,0.2606735654815388,0.5392167752897198,cruise,15,GTF2035_wi,0,43031,1.237,3.16,3.16,12.687784238758564,1.9014199683465465,0.7515553869019791,16.659340006977036,11.910135084592644,23.13887354102712,1450886665095159.8,14.2057128370906,735.641157511006,1060.97218914086,0.0137744103647,0.0148546013774964,0.186816800694565,16.6593679802305,12.5763590652509,12.574626984528216,15.134858882182842,0.4820738262946428,328689381808833.44,0.4291310260578907,0.0010241599241131644,3.8028131035318033e-06,3.16,35.8,2023-02-06 03:05:00,0.00013774399271438526,1.0310159135379275,1.0,125,274.48480002484985,0.00013774399271438526,63.38056,20.573599,1.0310159135379275,0.31758645,3.0318908e-05,0.4222290895845771,916.1829621203206,10278.543962655669,-0.8496763297184533,-0.5273045938697843,2.1508091982889948,234.07185103651807,0.6510914458825274,0.4902848243385722,1.0,227.509557936014,28.117254249628648,57.62836948565313,1.03145957622356,226.69081,0.00014086250248776018,9724.785815257173,1.0,0.0038867874102618315,0.014321351,115.25673897130626,0.42367051548621026,4.491041267200986e-06,251764193064.45544,-447179300090.75024,0 days 01:25:00,-2.7780895500814973e-11,-4.194915220623061e-13,884.2574671530198,844.0081456336652,916.1720355220418,338.2101649069261,284.06924182507146,367.8507464595418,156.70937,153.33498,161.4932,-1.5323458,-1.5531001,-1.5007446,0.32516983,0.27556515,0.37627554,-1.2071759,-1.2294314,-1.1669168,-1.0,9791.7691858648,1.03883231180006,0.006090310337743057,65383458795.4863,13497652927.558275,2.3822298440808663e-05,7021.177883695134,334.77464311199725,0.031103802307339872,0.27418962,1.4166666666666667,-1.5323458,0.32516983,-1.2071759,156.70937,884.2574671530198,338.2101649069261,10278.543962655669,10278.543962655669,0.00013867492,1.4880555e-07,97028.02,0.9672587,-148.8185,0.8737457795605457,0.8737457795605457,1.0,-4.787491074668028e-13,1.6444517e-12,2.5689053e-16,5.194971909834422e-13,-2.1699774861073865e-13,-2.1699774861073865e-13,7.479999999999999e-16,-1.8560615962467337e-14,1.1657025606426175e-12,882.3925314369862,3.073949252935832e-14,6.085970542035091e-14,-2.2304208988927806e-12,0.00013867492,1.4880555e-07,97028.02,0.9672587,-148.8185,0.3971260730221326,0.8737457795605457,0.5233802934615868,-4.787491074668028e-13,1.6444517e-12,2.5689053e-16,1.8973667853892545e-13,-9.897908504479771e-14,-9.897908504479771e-14,7.479999999999999e-16,3.223702080832139e-16,1.1657025606426175e-12,882.3925314369862,3.073949252935832e-14,6.085970542035091e-14,-1.0173608770163876e-12
126,126,126,131.54117431640626,33.001556396484375,9768.84,885974.0,TVJ571,172.33888874,0.655555504680242,34610D,226.44522,62.895424,20.611803,224.70937263341105,65997.13581046279,0.40811884876524107,0.4300077001486353,31.30671872324748,33.6064885839106,75.60796199055362,0.0001376966073787,27384.953305583644,1.0314594153323908,0.260889322693729,0.5396049504884045,cruise,15,GTF2035_wi,0,43031,1.237,3.16,3.16,12.665847153478088,1.8981330288391007,0.7448980219468688,16.80329825351589,11.902135104572311,23.319044490748976,1459390779859610.0,14.1916618744816,735.564656183307,1062.15203133987,0.0137696607379,0.0149005375256623,0.187100832495155,16.8032442919553,12.5566498640014,12.554921093960854,15.132407321886834,0.4818774078593112,330911337291346.8,0.4300077001486353,0.0010239306352025357,3.826771508609517e-06,3.16,35.8,2023-02-06 03:06:00,0.0001376966596618507,1.0314604237359777,1.0,126,273.8495330558364,0.0001376966596618507,62.895424,20.611803,1.0314604237359777,0.32079536,3.1254112e-05,0.4212998416433323,917.9907946282061,10337.339083215395,-0.8487821335129921,-0.5287427444694945,2.1422817689906664,234.02910700473603,0.6512071467782332,0.49272563436279915,1.0,227.47037060334992,28.117254249628648,59.29869817687352,1.032118318476726,226.67723,0.00014103167576407516,9739.190650911563,1.0,0.003500011712822868,0.013713545,118.59739635374704,0.4227697594877874,4.3636453538048496e-06,248274490784.64838,-439953088207.69324,0 days 01:24:00,-2.7331969002765507e-11,-4.1271273194175915e-13,886.1687810357454,846.0994390900855,917.8724790824728,342.0775741672558,286.7942022736793,373.823223711379,156.08607,152.19698,160.796,-1.5322347,-1.5867472,-1.4845123,0.31515798,0.25897467,0.37916708,-1.2170767,-1.2664698,-1.1771802,-1.0,9815.337501878332,1.0336917081238124,0.0014511376265458119,69534889703.664,14463079134.590025,2.2712164776276024e-05,6781.902915627764,325.98652580252866,0.031110599871948277,0.25681296,1.4,-1.5322347,0.31515798,-1.2170767,156.08607,886.1687810357454,342.0775741672558,10337.339083215395,10337.339083215395,0.00013903074,1.3374617e-07,97218.13,0.96948457,-148.94397,0.9229582475254409,0.9229582475254409,1.0,-4.77963412446988e-13,1.6474003e-12,2.5293582e-16,5.4250960905782e-13,-2.2822202902134993e-13,-2.2822202902134993e-13,7.479999999999999e-16,-2.0311908581857702e-14,1.1694369414514411e-12,883.8122957410332,3.089404882525997e-14,6.098403604123958e-14,-2.3592085002531184e-12,0.00013903074,1.3374617e-07,97218.13,0.96948457,-148.94397,0.44626454104392965,0.9229582475254409,0.5233062935184889,-4.77963412446988e-13,1.6474003e-12,2.5293582e-16,2.1112226162121474e-13,-1.1053160764468694e-13,-1.1053160764468694e-13,7.479999999999999e-16,-1.4814411615916238e-15,1.1694369414514411e-12,883.8122957410332,3.089404882525997e-14,6.098403604123958e-14,-1.1426027076360517e-12
127,127,127,131.4826171875,32.922637939453125,9791.7,885974.0,TVJ571,171.824444296,0.656841096119639,34610D,226.3522,62.476986,20.638943,222.8359628039281,65965.82909173954,0.4078542098310964,0.4143439401840853,30.312304366344392,32.633383013576,25.209787243775025,0.0001368402899829,27289.88652896135,1.0329519252355956,0.2526025363862033,0.5225270110915295,cruise,15,GTF2035_wi,0,43031,1.237,3.16,3.16,12.387935469487369,1.8564951517411712,0.7388395114517939,16.316596886319914,11.719854022513085,22.546613733627098,1422931851179394.5,13.8346198526265,731.472855821202,1055.44833581952,0.0136840289983,0.0147526663602033,0.181230541524346,16.316691506788,12.2845956859184,12.282914888283251,15.128135025578048,0.4714326589233623,317808691889663.9,0.4143439401840853,0.0010050986737806043,3.5831875749474808e-06,3.16,35.8,2023-02-06 03:07:00,0.00013684034359931724,1.0329529673324178,1.0,127,272.8988652896135,0.00013684034359931724,62.476986,20.638943,1.0329529673324178,0.31833267,3.1777745e-05,0.42000983379255646,919.7908234674619,10251.497672980124,-0.8508258950768656,-0.5254477103067922,2.133889174299195,233.98689161948082,0.6515535868968616,0.48318486873920147,1.0,227.43338979438562,28.117254249628648,61.870864274887715,1.0339859284254087,226.60027,0.00014045051080418958,9760.764567862558,1.0,0.002901852199961752,0.012759266,123.74172854977543,0.42152889021377693,4.093061603469002e-06,224092811611.7965,-370519009109.8191,0 days 01:23:00,-2.3018395241140344e-11,-3.4757776814121925e-13,888.1173169556245,848.2676727829289,919.5761127913476,351.910672261614,296.2320282516789,388.91424755697255,155.601,151.76378,159.69476,-1.3753973,-1.4990716,-1.3132308,0.3080078,0.2662495,0.35816652,-1.0673895,-1.2328221,-0.955723,-1.0,9838.057950623212,1.027630435313305,0.0064178728692412534,65789365270.774956,15356260209.948814,2.1472401607968944e-05,6301.505305885864,325.79301290724646,0.02916925097152533,0.24863608,1.3833333333333333,-1.3753973,0.3080078,-1.0673895,155.601,888.1173169556245,351.910672261614,10251.497672980124,10251.497672980124,0.00013904713,1.3109002e-07,97483.5,0.9720132,-149.44182,1.0,1.0,1.0,-4.768509429502175e-13,1.6507647e-12,2.5085746e-16,5.776491041326791e-13,-2.4411121258317664e-13,-2.4411121258317664e-13,7.479999999999999e-16,-2.279805803555838e-14,1.1739137324957832e-12,885.2334718925557,2.933304341345782e-14,5.876258907205913e-14,-2.5025055277447915e-12,0.00013904713,1.3109002e-07,97483.5,0.9720132,-149.44182,0.5445881646752222,1.0,0.5445881646752222,-4.768509429502175e-13,1.6507647e-12,2.5085746e-16,2.587391860574287e-13,-1.3294315782166345e-13,-1.3294315782166345e-13,7.479999999999999e-16,-5.011169273716273e-15,1.1739137324957832e-12,885.2334718925557,2.933304341345782e-14,5.876258907205913e-14,-1.3628664730474121e-12
128,128,128,131.42495914381377,32.84418655654131,9799.32,885974.0,TVJ571,170.795555408,0.6581119120239546,34610D,226.3736,61.885303,20.558628,220.945876493889,65935.5167873732,0.40522299349579,0.4629995721673759,33.36270584997676,36.5401401060984,-25.2189892487152,0.0001380736509083,27258.257056302322,1.038383744476303,0.2780225487498063,0.5749171506774501,cruise,15,GTF2035_wi,0,43031,1.237,3.16,3.16,13.09188033798018,1.9619744069815075,0.7325380875102943,18.27082078778951,12.221048529214848,25.55048888600796,1564715524259679.8,14.8046712520604,743.258188083341,1079.75268421461,0.0138073650908,0.0153670404525969,0.19946303835025,18.2700700530492,12.9799253776639,12.978133439397949,15.131346540836295,0.5023771172353753,363575805589923.1,0.4629995721673759,0.0010609152098884369,4.394238088707045e-06,3.16,35.8,2023-02-06 03:08:00,0.00013807367393726074,1.0383841904047968,1.0,128,272.58257056302324,0.00013807367393726074,61.885303,20.558628,1.0383841904047968,0.32497096,3.287465e-05,0.4194833756025046,921.57016091113,10166.48728105358,-0.8486572498671551,-0.5289431654232024,2.121989107469162,233.9267809005004,0.6551171801220478,0.49681249803347804,1.0,227.40361728268059,28.117254249628648,63.53204871336335,1.0392883832368438,226.63245,0.00014186223967769198,9767.553975643317,1.0,0.0025909407962038246,0.012158562,127.0640974267267,0.4210341529599371,5.094344413693005e-06,311871898852.5044,-424435242995.5169,0 days 01:22:00,-2.6367926981701906e-11,-3.9815569742369876e-13,890.1501653417108,850.6195126105354,921.2891550673794,362.55366875967957,310.02100186834787,405.45669657128565,155.2677,151.4686,158.56705,-1.5881228,-1.6832714,-1.4391966,0.35611692,0.29852232,0.45525107,-1.232006,-1.384749,-1.1246192,-1.0,9858.090691363146,1.027755403682503,0.0020706406309760374,94815924717.26904,24069069938.215065,1.8908589195562527e-05,5964.1632398878055,311.2027918790224,0.03457744564762515,0.24582978,1.3666666666666667,-1.5881228,0.35611692,-1.232006,155.2677,890.1501653417108,362.55366875967957,10166.48728105358,10166.48728105358,0.00014028774,1.1043593e-07,97600.17,0.9752097,-150.02559,1.0,1.0,1.0,-4.763769913119563e-13,1.6537637e-12,2.5127396e-16,5.787701057291779e-13,-2.408531826240631e-13,-2.408531826240631e-13,7.479999999999998e-16,-2.2231207688907805e-14,1.1773867365128781e-12,886.6461327606715,3.4700174193440293e-14,6.566296972443497e-14,-2.448630817748813e-12,0.00014028774,1.1043593e-07,97600.17,0.9752097,-150.02559,0.5551586150651834,1.0,0.5551586150651834,-4.763769913119563e-13,1.6537637e-12,2.5127396e-16,2.649784885919694e-13,-1.3374208396251214e-13,-1.3374208396251214e-13,7.479999999999998e-16,-5.093431903059651e-15,1.1773867365128781e-12,886.6461327606715,3.4700174193440293e-14,6.566296972443497e-14,-1.3596871955464798e-12
129,129,129,131.36744907924108,32.76658397609904,9791.7,885974.0,TVJ571,168.223333188,0.6593619393215449,34610D,226.51744,61.163467,20.414097,223.4668858504461,65902.15408152321,0.40769150120347114,0.4260310582167679,31.03771681200141,33.4457686222608,-25.22895133229763,0.0001412834994966,27289.88652896135,1.0455611840905206,0.2586476401000117,0.5368065947730039,cruise,15,GTF2035_wi,0,43031,1.237,3.16,3.16,12.56654588382565,1.883206436994795,0.7406611663381134,16.72191767226986,11.846464211383685,23.233523277860595,1455354156806223.5,14.0785700099768,734.899073289594,1061.54519894048,0.0141283499497,0.0148936177669785,0.185591004869174,16.7228843111304,12.4611097030205,12.45934940253546,15.12893391605382,0.4801685126741074,327985059018293.06,0.4260310582167679,0.001019921638786578,3.777769568435189e-06,3.16,35.8,2023-02-06 03:09:00,0.00014128350998374273,1.045561383918294,1.0,129,272.8988652896135,0.00014128350998374273,61.163467,20.414097,1.045561383918294,0.33821994,3.419243e-05,0.4197034449117009,923.3203867249508,9682.200970424223,-0.7520897406650568,-0.659060711912315,2.13331116441726,233.98397878293332,0.6605784081426417,0.5125087151332599,1.0,227.49831614675122,28.117254249628648,63.52130562913675,1.0457949785760692,226.78033,0.00014513120881760508,9759.939347185433,1.0,0.002500555333404293,0.011872229,127.0426112582735,0.42124701691374156,5.681611774118433e-06,262943118420.6002,-324509392747.36816,0 days 01:21:00,-2.0160060018695025e-11,-3.0441690628229494e-13,892.2166612879558,853.0548762312941,922.9919211234692,374.07951529186215,326.36865796957534,422.38773411175043,154.89465,151.19969,157.54997,-1.7526268,-1.9235106,-1.5365133,0.39684463,0.3219535,0.5346183,-1.3557822,-1.4759028,-1.2025514,-1.0,9857.884443160016,1.0305704704244845,0.002574485738852585,80834791813.221,20671357918.57887,1.8567911762911218e-05,4259.139981597534,311.70828769210135,0.040055780807863074,0.25597718,1.35,-1.7526268,0.39684463,-1.3557822,154.89465,892.2166612879558,374.07951529186215,9682.200970424223,9682.200970424223,0.00014286608,5.9025236e-08,97566.586,0.9786125,-150.58952,1.0,1.0,1.0,-4.765504865849787e-13,1.656576e-12,2.519082e-16,5.828796721903937e-13,-2.3770588132524627e-13,-2.3770588132524627e-13,7.479999999999999e-16,-2.169270080588538e-14,1.1800255387671127e-12,888.0435093853621,3.076456111467879e-14,6.04200655011486e-14,-2.3015161148428447e-12,0.00014286608,5.9025236e-08,97566.586,0.9786125,-150.58952,0.5444388593340991,1.0,0.5444388593340991,-4.765504865849787e-13,1.656576e-12,2.519082e-16,2.594906381570483e-13,-1.2943469652412335e-13,-1.2943469652412335e-13,7.479999999999999e-16,-4.369311237705713e-15,1.1800255387671127e-12,888.0435093853621,3.076456111467879e-14,6.04200655011486e-14,-1.2532127442924318e-12
130,130,130,131.29925537109375,32.701080322265625,9784.08,885974.0,TVJ571,161.021110972,0.6604320854854357,34610D,226.6525,60.512333,20.32446,222.9584587190726,65871.11636471123,0.40720357191731676,0.427713790824531,31.133272509070864,33.6141642374552,25.23680741438328,0.000144451420268,27321.5457138273,1.0530687804346313,0.2594439375755905,0.5387511515807462,cruise,15,GTF2035_wi,0,43031,1.237,3.16,3.16,12.584531915402811,1.885861933801833,0.7387558194789398,16.807076865381063,11.860231434742232,23.332975041257622,1460048305395444.0,14.1066689615295,735.387791557196,1062.66545720592,0.0144451420268,0.0149232480091504,0.186223784891697,16.8070821187276,12.4787703573318,12.476968041577557,15.129190387165616,0.4814233049806933,329760724417057.44,0.427713790824531,0.0010218342271539535,3.8094290681274754e-06,3.16,35.8,2023-02-06 03:10:00,0.00014445139403071295,1.0530682879430764,1.0,130,273.215457138273,0.00014445139403071295,60.512333,20.32446,1.0530682879430764,0.35531244,3.6030608e-05,0.4199399584592642,924.8187198890781,9589.88326731793,-0.7268371150698392,-0.6868098777368838,2.1340339035415585,233.98762086215126,0.6662050138109898,0.5346444012839265,1.0,227.5445518146608,28.117254249628648,63.966870517041606,1.0528486031824162,226.92056,0.00014840247846709264,9752.09656474148,1.0,0.0024265731490265806,0.011633052,127.93374103408321,0.42148893187210223,6.70316451096675e-06,274095464915.2195,-311903906211.71106,0 days 01:20:00,-1.9376947508538695e-11,-2.925919073789343e-13,894.0601210363343,855.2730821919446,924.4576130003388,385.76958352005823,344.13791983842896,437.2195148558076,154.58331,151.21786,156.61156,-1.9836196,-2.2025225,-1.7316813,0.4537042,0.36918962,0.60821736,-1.5299153,-1.6474651,-1.3479757,-1.0,9863.48471394698,1.0314893409932389,0.0027482998877129006,90248937039.45697,21418852298.515133,1.8068705439470907e-05,3860.5606013967044,308.5938989390932,0.047555374082159894,0.26298234,1.3333333333333333,-1.9836196,0.4537042,-1.5299153,154.58331,894.0601210363343,385.76958352005823,9589.88326731793,9589.88326731793,0.00014572668,3.6980452e-08,97526.016,0.9847906,-150.99776,1.0,1.0,1.0,-4.767494300834212e-13,1.659001e-12,2.5151937e-16,5.866053911757693e-13,-2.3542757075993554e-13,-2.3542757075993554e-13,7.479999999999999e-16,-2.1299622668605718e-14,1.1822514829238654e-12,889.2197132060197,3.100236442174452e-14,6.065871198576764e-14,-2.257722921496014e-12,0.00014572668,3.6980452e-08,97526.016,0.9847906,-150.99776,0.53569085723454,1.0,0.53569085723454,-4.767494300834212e-13,1.659001e-12,2.5151937e-16,2.5502230793460444e-13,-1.261163971970352e-13,-1.261163971970352e-13,7.479999999999999e-16,-3.8098348985416626e-15,1.1822514829238654e-12,889.2197132060197,3.100236442174452e-14,6.065871198576764e-14,-1.2094415272142698e-12
131,131,131,131.22891739259626,32.63837770247496,9791.7,885974.0,,161.0801455803279,0.6614546917003646,34610D,226.65852,60.05178,20.324144,221.98297000725583,65839.98309220215,0.40660102437638407,0.431561639810981,31.35959302788297,34.0152043327326,0.0,0.000145374324145,27289.88652896135,1.0578043152284549,0.2613299418990247,0.5428328612403309,cruise,15,GTF2035_wi,0,43031,1.237,3.16,3.16,12.626911604920595,1.892201111997484,0.7355137948636916,17.006974568532492,11.892487483508294,23.62698159464969,1473925489677407.8,14.1690831663975,736.247252100818,1064.93718145149,0.0145374324145,0.014987794838512,0.187629940596322,17.0076021663663,12.5188490113433,12.517029356660272,15.131551686205077,0.4836299842669878,333998355841707.3,0.431561639810981,0.0010253511491337209,3.878151786972582e-06,3.16,35.8,2023-02-06 03:11:00,0.00014537445714681124,1.0578068070634565,1.0,131,272.8988652896135,0.00014537445714681124,60.05178,20.324144,1.0578068070634565,0.36152905,3.729553e-05,0.4194422071607081,926.2504810392464,9752.0301222078,-0.727151609661867,-0.6864769016989253,2.129398336272567,233.96424200448106,0.6692423547296371,0.5392173812768543,1.0,227.5459418352242,28.117254249628648,65.46975961840997,1.057738423941175,226.9367,0.00014953542111786729,9758.965120190796,1.0,0.0021450985324742078,0.011134825,130.93951923681993,0.4210191073280313,7.2145134312121574e-06,286289639586.38464,-325281483160.95654,0 days 01:19:00,-2.020802593100968e-11,-3.0514119155824616e-13,895.788598368241,857.3451031394294,925.84707479861,395.4360084431108,355.5660198874763,450.69058065798504,154.36732,151.24463,156.07004,-2.0385478,-2.4942348,-1.7050847,0.48702633,0.36979583,0.70287156,-1.5515217,-1.7913632,-1.316673,-1.0,9879.690072850035,1.0353647811309867,0.007080326567968695,98927015911.17021,24282308925.207222,1.8007746255138473e-05,3916.506345231639,310.8628508474491,0.050867361264467614,0.2655141,1.3166666666666667,-2.0385478,0.48702633,-1.5515217,154.36732,895.788598368241,395.4360084431108,9752.0301222078,9752.0301222078,0.00014718102,4.0393545e-08,97633.61,0.98871344,-151.42328,1.0,1.0,1.0,-4.763069888467111e-13,1.6616717e-12,2.5098354e-16,5.875712682450604e-13,-2.3305277575449867e-13,-2.3305277575449867e-13,7.48e-16,-2.0879719108979956e-14,1.1853647285622111e-12,890.3445468473732,3.147159166876882e-14,6.120441700730518e-14,-2.2727376892220104e-12,0.00014718102,4.0393545e-08,97633.61,0.98871344,-151.42328,0.5420226942077295,1.0,0.5420226942077295,-4.763069888467111e-13,1.6616717e-12,2.5098354e-16,2.583575817338409e-13,-1.263198934070432e-13,-1.263198934070432e-13,7.48e-16,-3.802457933387082e-15,1.1853647285622111e-12,890.3445468473732,3.147159166876882e-14,6.120441700730518e-14,-1.2318754055395635e-12
132,132,132,131.15747568558675,32.57458702992585,9791.7,885974.0,,161.13918018865573,0.6624818208830587,34610D,226.71413,59.528652,20.327864,221.81186063548068,65808.62349917427,0.4049576454382779,0.4777007427687187,34.318673106914,37.528585290419,50.49462496775028,0.0001468779329635,27289.88652896135,1.0616576308715395,0.2859889425576166,0.5944934219296899,cruise,15,GTF2035_wi,0,43031,1.237,3.16,3.16,13.292112357013384,1.9918645355642908,0.7348567857165463,18.76474756264461,12.37958023879271,26.48572549250592,1597180255214015.5,15.0953043884139,747.762176491665,1087.94734470174,0.0146877932964,0.0155603849521363,0.205073422312201,18.7642926452095,13.1791998040541,13.177264354703569,15.13060625670111,0.5149647734951027,376157386081098.7,0.4777007427687187,0.001081200769576407,4.65658509168583e-06,3.16,35.8,2023-02-06 03:12:00,0.00014687785959454402,1.061656265395123,1.0,132,272.8988652896135,0.00014687785959454402,59.528652,20.327864,1.061656265395123,0.3685346,3.8307066e-05,0.4193393234933328,927.6885751257882,9697.199219834167,-0.7062581016921312,-0.7079544433042477,2.1235201496320255,233.93453133310513,0.6720450567444155,0.5527419406069363,1.0,227.53971049465864,28.117254249628648,66.87001079332785,1.0614900833081125,227.00488,0.0001512760962302472,9758.264994603336,1.0,0.001860315348457391,0.010714604,133.7400215866557,0.4209374624463175,8.003867014037021e-06,359007214064.19604,-612834822713.6763,0 days 01:48:00,-3.8072200939565074e-11,-5.748902341874328e-13,870.3286833912795,788.7107323295891,927.2493128413414,370.35145713395525,269.3398216850578,462.9034571284508,156.19727,151.34677,162.27437,-2.0466425,-3.157406,-1.00034,0.52970624,0.24868402,0.8765656,-1.5169363,-2.2808404,-0.75165594,-1.0,9874.597203837946,1.0388011564060913,0.009713635799027984,121427174079.76703,33996731077.480747,1.727636693330306e-05,5796.3006350456035,418.13940305143416,0.05014331159679851,0.26131925,1.8,-2.0466425,0.52970624,-1.5169363,156.19727,870.3286833912795,370.35145713395525,9697.199219834167,9697.199219834167,0.00014908453,5.352416e-08,97666.164,0.9864454,-152.03838,1.0,1.0,1.0,-4.761890681658787e-13,1.6648149e-12,2.518243e-16,5.908784024102752e-13,-2.296199366449882e-13,-2.296199366449882e-13,7.480000000000001e-16,-2.0287230554656693e-14,1.188625770721462e-12,891.4888992640244,3.683482874993665e-14,6.774790150005391e-14,-2.2266702704921504e-12,0.00014908453,5.352416e-08,97666.164,0.9864454,-152.03838,0.5420226942077295,1.0,0.5420226942077295,-4.761890681658787e-13,1.6648149e-12,2.518243e-16,2.5924455766360756e-13,-1.2445921670412467e-13,-1.2445921670412467e-13,7.480000000000001e-16,-3.461515364118532e-15,1.188625770721462e-12,891.4888992640244,3.683482874993665e-14,6.774790150005391e-14,-1.2069058191244093e-12
133,133,133,131.08426340338622,32.51297602684744,9806.94,885974.0,,161.19821479698362,0.6634703925234104,34610D,226.63554,59.167522,20.365864,224.1910518975777,65774.30482606735,0.4073597629122743,0.4484115326496226,32.44765296455631,35.060496905329,0.0,0.0001462754784647,27226.657274512538,1.0648213782665852,0.2703971080379693,0.5639795952983958,cruise,15,GTF2035_wi,0,43031,1.237,3.16,3.16,12.89893332767561,1.9329532015071509,0.7428677161164862,17.53025615672491,12.084590229516513,24.6224996177788,1520914194192971.8,14.5315907276278,741.071238431529,1073.00804431205,0.0146275478465,0.0151691722544917,0.19392984071421,17.5302484526645,12.7844708637141,12.782601082624716,15.136379286892746,0.4963746515684359,347210200634322.4,0.4484115326496226,0.0010474599878050243,4.145463771190601e-06,3.16,35.8,2023-02-06 03:13:00,0.00014627559516052277,1.0648235655475589,1.0,133,272.26657274512536,0.00014627559516052277,59.167522,20.365864,1.0648235655475589,0.36133492,3.845404e-05,0.4185128126175131,929.0726755264058,9990.4930807751,-0.628046857538937,-0.7781755230894031,2.1271861685749593,233.9530693618453,0.6735294900175497,0.5371471200991954,1.0,227.5686266740308,28.117254249628648,68.50386951351953,1.0651803979804235,226.93784,0.00015092237317861722,9772.688065243241,1.0,0.0014904638723859875,0.010217517,137.00773902703907,0.4201393891657989,7.895368355024043e-06,316676005152.1601,-566378403538.6675,0 days 01:47:00,-3.518610821080714e-11,-5.313102339831878e-13,872.1611496442747,791.0018419324751,928.5998500579738,376.54953160228257,274.01954212778764,474.20248067320813,156.05525,151.61708,162.18979,-2.1058362,-3.5163155,-0.76025414,0.56569296,0.18755478,0.99424344,-1.5401433,-2.522072,-0.57269937,-1.0,9891.960800324694,1.0395228812149657,0.01156693740880823,108220364006.57082,33783498316.151775,1.6940599982068155e-05,5143.269661586617,434.3852874364699,0.05424631572912017,0.25405124,1.7833333333333334,-2.1058362,0.56569296,-1.5401433,156.05525,872.1611496442747,376.54953160228257,9990.4930807751,9990.4930807751,0.0001492798,7.270746e-08,97848.87,0.9838024,-152.6475,0.9999999999999998,0.9999999999999998,0.9999999999999998,-4.754199375214762e-13,1.6677856e-12,2.5287917e-16,5.908813783563741e-13,-2.262204655905365e-13,-2.262204655905365e-13,7.48e-16,-1.9693641854883177e-14,1.1923656507844294e-12,892.594150195668,3.360275788688052e-14,6.35940822895956e-14,-2.260053996211977e-12,0.0001492798,7.270746e-08,97848.87,0.9838024,-152.6475,0.5546685450974927,0.9999999999999998,0.5546685450974927,-4.754199375214762e-13,1.6677856e-12,2.5287917e-16,2.662388613172033e-13,-1.2547737652038032e-13,-1.2547737652038032e-13,7.48e-16,-3.574747603658189e-15,1.1923656507844294e-12,892.594150195668,3.360275788688052e-14,6.35940822895956e-14,-1.2535808619206717e-12
134,134,134,131.0014072212985,32.45652298369139,9806.94,885974.0,,161.25724940531148,0.6643742710240467,34610D,226.67233,58.71176,20.3839,224.81112413903043,65741.85717310279,0.40774798915874205,0.4460462762727734,32.30293690475655,34.812514034419,0.0,0.000148089899663,27226.657274512538,1.0732915520496622,0.2691911408729712,0.5621441503919545,cruise,15,GTF2035_wi,0,43031,1.237,3.16,3.16,12.86925375922186,1.9284822573853373,0.7448618718150847,17.40589634462267,12.06337377844266,24.46381151244689,1513424075161135.5,14.48882629346,740.734129136636,1071.90743067468,0.0148089899663,0.015136602262416,0.193051148042945,17.4062570172095,12.7539288339688,12.752040385587598,15.137739901986585,0.4954594281268297,344615348531676.56,0.4460462762727734,0.001045266440352216,4.106624000016091e-06,3.16,35.8,2023-02-06 03:14:00,0.00014809002644976406,1.0732939180256562,1.0,134,272.26657274512536,0.00014809002644976406,58.71176,20.3839,1.0732939180256562,0.3637046,3.8921182e-05,0.4184448859924319,930.338177568603,9994.283473595226,-0.6278089456065549,-0.7783674760782248,2.1285838881463826,233.96012979599044,0.6791327657775768,0.5421059804047926,1.0,227.61906687232388,28.117254249628648,69.54248721082904,1.0736170341122058,226.98366,0.0001529402665653093,9772.168756394585,1.0,0.001301043214442643,0.0099468585,139.08497442165807,0.42008775731985604,8.917892448808894e-06,325415561585.4348,-351792980156.3812,0 days 01:16:00,-2.1855045655425808e-11,-3.300111893969297e-13,839.3593351309489,700.7908185274591,929.8555401039778,352.9927396719646,228.50547917199037,486.7495220375715,158.11081,151.95726,167.54411,-1.8882096,-3.1891885,-0.14836058,0.5138976,0.033831306,0.9064714,-1.374312,-2.2827172,-0.114529274,-1.0,9870.358647313305,1.0395924184135519,0.009897668462131089,106754838401.65051,36622967797.688034,1.7632764311650807e-05,6908.237518315535,527.8638430860708,0.04736038038290811,0.25728557,2.2666666666666666,-1.8882096,0.5138976,-1.374312,158.11081,839.3593351309489,352.9927396719646,9994.283473595226,9994.283473595226,0.00015074867,1.1216293e-07,97878.43,0.978784,-153.27158,1.0,1.0,1.0,-4.753110524856116e-13,1.6706613e-12,2.5618885e-16,5.941452883229081e-13,-2.2273755125011973e-13,-2.2273755125011973e-13,7.48e-16,-1.9094266290689888e-14,1.195350235402687e-12,893.6039154377733,3.343900505255611e-14,6.325863973802575e-14,-2.2261022274081413e-12,0.00015074867,1.1216293e-07,97878.43,0.978784,-153.27158,0.5546685450974927,1.0,0.5546685450974927,-4.753110524856116e-13,1.6706613e-12,2.5618885e-16,2.674439543577779e-13,-1.2354551349048216e-13,-1.2354551349048216e-13,7.48e-16,-3.2235402491478782e-15,1.195350235402687e-12,893.6039154377733,3.343900505255611e-14,6.325863973802575e-14,-1.234748883714762e-12
135,135,135,130.91855103921077,32.40006994053534,9806.94,885974.0,,161.31628401363935,0.6652708126357179,34610D,226.67651,58.34637,20.449871,225.157948202577,65709.55423619803,0.40784893073035544,0.448937538051975,32.49054756411625,34.9928572425886,0.0,0.0001476159638574,27226.657274512538,1.0693213815341536,0.270754563034302,0.5656411711838166,cruise,15,GTF2035_wi,0,43031,1.237,3.16,3.16,12.915967033824751,1.935488452150863,0.7460041323287128,17.496261593510088,12.096552285795664,24.62548762461985,1521055228877712.0,14.55172958772,741.518779710944,1073.22813576462,0.0147615963857,0.0151660307243683,0.194133008596171,17.4964286212943,12.8005153177122,12.798626036193818,15.137388405524524,0.4975951324703079,346842195295286.3,0.448937538051975,0.0010491479096367893,4.151557310358718e-06,3.16,35.8,2023-02-06 03:15:00,0.000147616099936318,1.0693239196409632,1.0,135,272.26657274512536,0.000147616099936318,58.34637,20.449871,1.0693239196409632,0.3584705,3.8648788e-05,0.4184371697115369,931.5934050019268,9998.068927266002,-0.627571525262189,-0.7785589127870092,2.128945868967712,233.96195763559274,0.6766485288241674,0.5425111207650865,1.0,227.6012927847494,28.117254249628648,72.12502741379876,1.0695989326378206,227.0093,0.00015280469635896814,9770.8774862931,1.0,0.0009134295423027084,0.009504368,144.25005482759752,0.4201228101178045,8.06448081697627e-06,310080541299.68304,-369233281882.5265,0 days 01:15:00,-2.2938519777905087e-11,-3.4637164864636685e-13,902.4980439087982,865.5125874674563,931.0963471620588,425.0246755819754,362.5257405436282,500.2472260683088,153.8811,152.30684,155.46313,-2.3132966,-3.0647311,-1.8637626,0.6708603,0.4766572,0.89799654,-1.6424364,-2.1667347,-1.2258356,-1.0,9913.617244493978,1.046659817588038,0.004550915324933655,124722531684.14612,35317642459.25816,1.8319591274872405e-05,3987.064045431804,339.88965324373436,0.06789451855754136,0.26882684,1.25,-2.3132966,0.6708603,-1.6424364,153.8811,902.4980439087982,425.0246755819754,9998.068927266002,9998.068927266002,0.00015241033,1.5392078e-07,97903.67,0.96658325,-154.06615,0.8644684702580032,0.8644684702580032,1.0000000000000002,-4.752206984531117e-13,1.6742067e-12,2.5717747e-16,5.317311391418306e-13,-1.894164373845131e-13,-1.894164373845131e-13,7.480000000000001e-16,-1.3714634649590926e-14,1.1989859897436196e-12,894.6127984067114,3.388347928733794e-14,6.366868079656154e-14,-1.8937985969275267e-12,0.00015241033,1.5392078e-07,97903.67,0.96658325,-154.06615,0.4191370153554959,0.8644684702580032,0.5546685450974929,-4.752206984531117e-13,1.6742067e-12,2.5717747e-16,2.0254775912548615e-13,-9.219922323566401e-14,-9.219922323566401e-14,7.480000000000001e-16,1.840119614224928e-15,1.1989859897436196e-12,894.6127984067114,3.388347928733794e-14,6.366868079656154e-14,-9.21814188950554e-13
136,136,136,130.83569485712306,32.34361689737929,9806.94,885974.0,,161.3753186219672,0.6661600018338132,34610D,226.68448,57.990757,20.507364,225.6474977934428,65677.06368863392,0.40835743007772846,0.440230335553358,31.945103578066856,34.282410002274,0.0,0.0001469869803059,27226.657274512538,1.063751642877366,0.2662091964838904,0.5564869928859569,cruise,15,GTF2035_wi,0,43031,1.237,3.16,3.16,12.788841830800182,1.916446481377708,0.7476129783951607,17.14115943864518,12.008228217430975,24.08994254020111,1495777364347024.5,14.3780580529224,739.539995992902,1069.07048523521,0.0146986980306,0.0150597674925418,0.190885608807622,17.141205001137,12.6752029141324,12.673340098140985,15.13657238355431,0.4922174568667628,338965413799700.6,0.440230335553358,0.0010392740526614323,4.011603654590567e-06,3.16,35.8,2023-02-06 03:16:00,0.00014698695226713918,1.0637511204026742,1.0,136,272.26657274512536,0.00014698695226713918,57.990757,20.507364,1.0637511204026742,0.35175344,3.8341517e-05,0.41842245787840826,932.8383360941862,10001.849432712737,-0.6273345961647253,-0.7787498343209076,2.1307744790179433,233.9711870898025,0.6731749008295909,0.542410615289795,1.0,227.5828761642531,28.117254249628648,74.8012729212373,1.0638854486633826,227.03802,0.0001524794999500939,9769.539363539381,1.0,0.0005909576459046662,0.009235899,149.6025458424746,0.4201551451231344,6.892935438336856e-06,270828629639.64297,-364572871883.263,0 days 01:14:00,-2.2648993041863822e-11,-3.419997949321437e-13,904.1381666131347,867.5555651231709,932.3329183177342,432.75933157081704,362.13677239856156,513.2714559153904,154.13985,152.78313,156.10509,-2.1369622,-2.8373003,-1.747262,0.61130697,0.45579085,0.87171656,-1.5256553,-1.9655838,-1.2408485,-1.0,9909.463768234446,1.0487131597124206,0.005393247221874775,112617498741.59612,32995964867.292034,1.9679487741009204e-05,4374.93933160816,352.90211430908676,0.06597811291851703,0.27751312,1.2333333333333334,-2.1369622,0.61130697,-1.5256553,154.13985,904.1381666131347,432.75933157081704,10001.849432712737,10001.849432712737,0.00015392552,1.7381699e-07,97929.8,0.9531215,-154.90617,0.7326709759820068,0.7326709759820068,1.0000000000000002,-4.751264704598773e-13,1.6778197e-12,2.5843558e-16,4.709380162554516e-13,-1.5760779019678728e-13,-1.5760779019678728e-13,7.479999999999999e-16,-8.575799872021011e-15,1.2026931520113583e-12,895.621681375649,3.3015367724151e-14,6.243381837244567e-14,-1.5763693869708449e-12,0.00015392552,1.7381699e-07,97929.8,0.9531215,-154.90617,0.2873395210794996,0.7326709759820068,0.5546685450974929,-4.751264704598773e-13,1.6778197e-12,2.5843558e-16,1.3929114984866418e-13,-6.247836480489106e-14,-6.247836480489106e-14,7.479999999999999e-16,6.644908190682389e-15,1.2026931520113583e-12,895.621681375649,3.3015367724151e-14,6.243381837244567e-14,-6.24899197580619e-13
137,137,137,130.75283867503535,32.28716385422324,9806.94,885974.0,,161.43435323029507,0.6670418231894415,34610D,226.69656,57.643776,20.553736,225.45172632953697,65645.11858505585,0.4082752490984267,0.4391786725989116,31.87626638676,34.2233223443422,0.0,0.0001462423959286,27226.657274512538,1.0568330017689125,0.265635553223,0.5552894258240298,cruise,15,GTF2035_wi,0,43031,1.237,3.16,3.16,12.769641010352698,1.913578688656402,0.7469444875871188,17.11160678304856,11.9958013972354,24.03559327678704,1493212065256632.0,14.3537200522563,739.269670333155,1068.6525398092,0.0146242395929,0.0150508459400235,0.190492231316013,17.1116611721711,12.6565797082178,12.654729050321652,15.136075525092831,0.4914835453893389,338191382373103.6,0.4391786725989116,0.001037974893619518,3.99612042683275e-06,3.16,35.8,2023-02-06 03:17:00,0.00014624245282743835,1.0568340604869813,1.0,137,272.26657274512536,0.00014624245282743835,57.643776,20.553736,1.0568340604869813,0.3436605,3.8007678e-05,0.41840016136322883,934.0729492472494,10005.624980871025,-0.6270981579720372,-0.7789402417824347,2.130477181019542,233.96968702924195,0.6688769908908115,0.5446079068294685,1.0,227.54823744645722,28.117254249628648,77.6850587773516,1.056718495177368,227.07039,0.00015200495165175918,9768.097470611325,1.0,0.0003399029487414396,0.009177634,155.3701175547032,0.4201873931555159,5.593830460111036e-06,235774609806.90756,-342254987922.6708,0 days 01:13:00,-2.1262500415790337e-11,-3.2106375627843413e-13,905.7774911092041,869.597936601043,933.565513686571,443.6972502237873,363.9960384076836,531.4809799951647,154.5378,153.31358,156.91537,-1.7722448,-2.4359198,-1.3652254,0.55949086,0.40057245,0.8119056,-1.2127539,-1.6240141,-0.89923096,-1.0,9903.721982990033,1.0505945471767666,0.007679817418603817,100920075338.07654,30235783102.255417,2.115398627403417e-05,5073.734394554063,370.49738575598803,0.0590071491726084,0.28859183,1.2166666666666666,-1.7722448,0.55949086,-1.2127539,154.5378,905.7774911092041,443.6972502237873,10005.624980871025,10005.624980871025,0.00015527857,1.7187084e-07,97956.88,0.9384427,-155.78374,0.6070011774354669,0.6070011774354669,1.0,-4.750281230282268e-13,1.6814819e-12,2.6000566e-16,4.129430940078232e-13,-1.2780796227095134e-13,-1.2780796227095134e-13,7.479999999999999e-16,-3.757368712934956e-15,1.2064538155008472e-12,896.6305643445872,3.299818418985654e-14,6.228467069091571e-14,-1.2787985400524523e-12,0.00015527857,1.7187084e-07,97956.88,0.9384427,-155.78374,0.1616697225329597,0.6070011774354669,0.5546685450974929,-4.750281230282268e-13,1.6814819e-12,2.6000566e-16,7.88666019958301e-14,-3.485960179392061e-14,-3.485960179392061e-14,7.479999999999999e-16,1.1114368963389969e-14,1.2064538155008472e-12,896.6305643445872,3.299818418985654e-14,6.228467069091571e-14,-3.4879210253246845e-13
138,138,138,130.66998249294764,32.23071081106719,9806.94,885974.0,,161.49338783862297,0.6679162613697087,34610D,226.7059,57.289497,20.569162,225.2327421230787,65613.2423186691,0.4081904054073227,0.4379105207908366,31.7937345841182,34.1505801694284,0.0,0.0001460548345669,27226.657274512538,1.0542985032036856,0.264947788200985,0.5538157724027584,cruise,15,GTF2035_wi,0,43031,1.237,3.16,3.16,12.747038399005117,1.9101939932661824,0.7462035794559826,17.075215242296416,11.980811678644187,23.96883411044276,1490061015583822.5,14.3247482917482,738.933696052964,1068.1245024092,0.0146054834567,0.0150394520840374,0.190017352675855,17.0752900847142,12.6345927773217,12.632747703445748,15.135575506036592,0.4905809664941498,337244296777671.75,0.4379105207908366,0.0010363650593273046,3.97714075453935e-06,3.16,35.8,2023-02-06 03:18:00,0.00014605488751265,1.0542994872659042,1.0,138,272.26657274512536,0.00014605488751265,57.289497,20.569162,1.0542994872659042,0.33889404,3.8023714e-05,0.4183829237990228,935.2972229974314,10009.395562695154,-0.6268622103432777,-0.7791301362696352,2.1301714045024007,233.96814399588652,0.6673341101599555,0.5463595322196054,1.0,227.53493392053988,28.117254249628648,80.29427587000104,1.0551971056017315,227.09622,0.00015222417468988106,9766.792862065,1.0,0.00018934863879906062,0.009121313,160.5885517400021,0.42022293729429705,4.9374447451952465e-06,213988618395.26096,-345013791082.61945,0 days 01:12:00,-2.1433890330927954e-11,-3.236517439970121e-13,907.4012626475318,871.6181815920243,934.7995865805235,455.1515983408912,367.60045087913363,551.219386385211,155.04207,153.72351,157.54,-1.5274843,-2.2089715,-1.0945687,0.48908734,0.29786998,0.64544934,-1.0383968,-1.5635221,-0.75496954,-1.0,9897.933691321747,1.0554121452322713,0.014567012746572586,92513534983.44453,30129972635.37424,2.2397866156300254e-05,6087.647700455497,397.9140355656473,0.05659320988118315,0.2960229,1.2,-1.5274843,0.48908734,-1.0383968,155.04207,907.4012626475318,455.1515983408912,10009.395562695154,10009.395562695154,0.00015678877,1.7962806e-07,97981.766,0.92750204,-156.67393,0.5497426136650335,0.5497426136650335,0.9999999999999999,-4.749390322028321e-13,1.6850128e-12,2.584837e-16,3.8769993721954924e-13,-1.1311187083101063e-13,-1.1311187083101063e-13,7.48e-16,-1.3604568768755744e-15,1.2100737497523459e-12,897.6381292293762,3.29504410374478e-14,6.210482038697308e-14,-1.1321814579840652e-12,0.00015678877,1.7962806e-07,97981.766,0.92750204,-156.67393,0.1044111587625264,0.5497426136650335,0.5546685450974929,-4.749390322028321e-13,1.6850128e-12,2.584837e-16,5.116151196470641e-14,-2.237600652955949e-14,-2.237600652955949e-14,7.48e-16,1.3157281411356608e-14,1.2100737497523459e-12,897.6381292293762,3.29504410374478e-14,6.210482038697308e-14,-2.2397030046781055e-13
139,139,139,130.58712631085993,32.17425776791114,9806.94,885974.0,,161.55242244695083,0.6687833011379214,34610D,226.70619,56.95165,20.564098,224.98006086885923,65581.44858408498,0.4080980569989632,0.4365125317169969,31.702978084355205,34.0720804231188,0.0,0.0001457006693074,27226.657274512538,1.0517054259609968,0.2641914840362934,0.5520996170018435,cruise,15,GTF2035_wi,0,43031,1.237,3.16,3.16,12.72255874479958,1.906530126395516,0.7453659858766247,17.03595230882437,11.964282097163151,23.894330510324256,1486544426662298.0,14.293032361562,738.534487601574,1067.50601597948,0.0145700669307,0.0150262859779939,0.189493050624802,17.0360402115594,12.6107709451501,12.608933815053996,15.135040634547495,0.4895471813428766,336191328860706.9,0.4365125317169969,0.0010345258346295414,3.955782563183044e-06,3.16,35.8,2023-02-06 03:19:00,0.000145700724937759,1.0517064598832968,1.0,139,272.26657274512536,0.000145700724937759,56.95165,20.564098,1.0517064598832968,0.33338955,3.795438e-05,0.41838238860830795,936.5111360157807,10013.161169165169,-0.6266267529365199,-0.7793195188779976,2.1298384050903865,233.96646336532834,0.6656947136789205,0.546660380459165,1.0,227.52080198923082,28.117254249628648,82.4647779945235,1.0536533314653722,227.1092,0.00015221217369159535,9765.70761100274,1.0,0.00010497613919909555,0.00915969,164.929555989047,0.42026826503326764,4.3258043090758285e-06,193513752149.86157,-107952449555.80717,0 days 00:41:00,-6.706517317680539e-12,-1.0126841149697614e-13,909.0169018152641,873.6269013190894,936.0303007662568,466.91670243375364,371.3523041511206,571.0327116549287,155.47543,154.06328,157.97519,-1.2450122,-1.9739864,-0.696647,0.45845333,0.1868082,0.66351175,-0.7865589,-1.3104746,-0.5098388,-1.0,9890.23331204023,1.0621784474348652,0.02064929693693042,84177860655.29541,29908889750.22987,2.3111681235185263e-05,7251.840981153854,430.56751751078997,0.052094917236919,0.30457684,1.1833333333333333,-1.2450122,0.45845333,-0.7865589,155.47543,909.0169018152641,466.91670243375364,10013.161169165169,10013.161169165169,0.00015811846,1.996873e-07,98006.25,0.9143036,-157.60277,0.4879989692678052,0.4879989692678052,1.0,-4.748510659512942e-13,1.688541e-12,2.5602137e-16,3.597889086043915e-13,-9.757131419745697e-14,-9.757131419745697e-14,7.480000000000001e-16,1.1705804823888774e-15,1.213689951404379e-12,898.6431546042196,3.28849407294297e-14,6.190655645812989e-14,-9.769972945463904e-13,0.00015811846,1.996873e-07,98006.25,0.9143036,-157.60277,0.042667514365298066,0.4879989692678052,0.5546685450974927,-4.748510659512942e-13,1.688541e-12,2.5602137e-16,2.0907100089458494e-14,-9.143932424018258e-15,-9.143932424018258e-15,7.480000000000001e-16,1.531896156613907e-14,1.213689951404379e-12,898.6431546042196,3.28849407294297e-14,6.190655645812989e-14,-9.155966908164996e-14
140,140,140,130.5042701287722,32.11780472475509,9806.94,885974.0,,161.6114570552787,0.6696429273538869,34610D,226.71524,56.627293,20.561317,224.6912103780638,65549.74560600062,0.40797191416114276,0.4355117819682565,31.63652345281649,34.0271464118758,0.0,0.000145471969466,27226.657274512538,1.0489180179683195,0.2636376954401374,0.5508663578391451,cruise,15,GTF2035_wi,0,43031,1.237,3.16,3.16,12.703251789791016,1.903639801412168,0.7443941131851917,17.013342550932602,11.951611328852676,23.84577287280425,1484252493790777.0,14.2689378154828,738.248949167552,1067.11565086928,0.0145471969466,0.0150187392752201,0.189118758500707,17.0135732059379,12.5921860041035,12.590354460443864,15.134374104068138,0.488807754629384,335498012765892.06,0.4355117819682565,0.0010332150709809885,3.9412119248736045e-06,3.16,35.8,2023-02-06 03:20:00,0.00014547202798936273,1.048919104481782,1.0,140,272.26657274512536,0.00014547202798936273,56.627293,20.561317,1.048919104481782,0.32594037,3.7683792e-05,0.4183656876550906,937.7146671084962,10016.921791270857,-0.6263917854101103,-0.7795083906993782,2.1293841825361475,233.9641705531057,0.6639894793022106,0.5484723859897818,1.0,227.50563759278418,28.117254249628648,84.86893150704036,1.0516049449516953,227.13138,0.0001522903951760655,9764.50553424648,1.0,4.672487576470985e-05,0.009286335,169.73786301408072,0.42030406481162097,3.6703059379167227e-06,169779767883.88196,-106630802721.96228,0 days 00:40:00,-6.624410358408104e-12,-1.0002859641196238e-13,928.118245315875,918.9823281513217,937.2541624804284,530.3823749545469,471.67507717475917,589.0896727343346,154.62291,154.29054,154.95528,-1.2624717,-1.6148503,-0.9100931,0.5914123,0.5421446,0.64067996,-0.6710594,-0.9741703,-0.36794853,-1.0,9910.392895365787,1.0689852402596876,0.005095656590295417,87120852743.7738,20452947054.073948,2.3858171259313376e-05,4575.350088830361,347.4344112640577,0.06685656805943146,0.29570007,0.6666666666666666,-1.2624717,0.5914123,-0.6710594,154.62291,928.118245315875,530.3823749545469,10016.921791270857,10016.921791270857,0.00015925382,2.263983e-07,98031.59,0.89922,-158.48428,0.4468195680266445,0.4468195680266445,1.0000000000000002,-4.74759389459685e-13,1.6921822e-12,2.549064e-16,3.4195999237864394e-13,-8.655537066370642e-14,-8.655537066370642e-14,7.48e-16,2.9805435187493792e-15,1.2174228005138416e-12,899.6481799790632,3.2868760166200704e-14,6.176462932816373e-14,-8.67018378552807e-13,0.00015925382,2.263983e-07,98031.59,0.89922,-158.48428,0.001488113124137316,0.4468195680266445,0.554668545097493,-4.74759389459685e-13,1.6921822e-12,2.549064e-16,7.291760603725125e-16,-3.1891255089078235e-16,-3.1891255089078235e-16,7.48e-16,1.677837681679989e-14,1.2174228005138416e-12,899.6481799790632,3.2868760166200704e-14,6.176462932816373e-14,-3.1945220805276538e-15
141,141,141,130.42141394668448,32.06135168159904,9806.94,885974.0,,161.67049166360655,0.670495124974122,34610D,226.76741,56.355705,20.476072,224.40012969028527,65518.1090825478,0.40782346786923007,0.4339978119305985,31.53669567916721,33.9404884760148,0.0,0.0001470695013604,27226.657274512538,1.053839514478776,0.2628057973263934,0.5494368589544466,cruise,15,GTF2035_wi,0,43031,1.237,3.16,3.16,12.673354423614756,1.899139299626568,0.7433442468614226,16.97016169384207,11.932864678001597,23.772195965543663,1480779645008421.5,14.2327422944448,737.947744646972,1066.6448873376,0.014706950136,0.0150082804733651,0.188557167998292,16.9702442380074,12.5635423946748,12.5616949524619,15.133202557724134,0.4880277592164915,334285359143150.06,0.4339978119305985,0.001031619772141345,3.920198047614456e-06,3.16,35.8,2023-02-06 03:21:00,0.00014706952456498704,1.0538399426020426,1.0,141,272.26657274512536,0.00014706952456498704,56.355705,20.476072,1.0538399426020426,0.32011113,3.748492e-05,0.41826943864856453,938.9077952172228,10020.67742003626,-0.626157307422005,-0.7796967528225475,2.12885332340155,233.96149034845774,0.6674466947823106,0.5572550450131845,1.0,227.5295557655928,28.117254249628648,79.84588246222363,1.056158636789823,227.15427,0.0001534265240604445,9767.017058768888,1.0,0.00018752948382569912,0.009835509,159.69176492444726,0.4201012454513362,4.923021878834382e-06,204604268128.40442,-110141744210.95453,0 days 00:39:00,-6.8425266678959875e-12,-1.0332215268522941e-13,929.5280790842431,920.5773285653381,938.4788296031481,546.6787291086572,487.914456250885,605.4430019664294,155.04965,154.4561,155.64319,-1.1242998,-1.4590362,-0.78956324,0.61389565,0.5447967,0.6829946,-0.5104041,-0.7760416,-0.24476653,-1.0,9917.222975529334,1.071171160657532,0.013046207309696429,100557117437.84718,32749919413.30297,2.5846531340012824e-05,5896.383755837604,390.0144503010337,0.06738639812226078,0.28211838,0.65,-1.1242998,0.61389565,-0.5104041,155.04965,929.5280790842431,546.6787291086572,10020.67742003626,10020.67742003626,0.0001602627,2.5754872e-07,98058.055,0.8823346,-159.00517,0.44533145490250714,0.44533145490250714,0.9999999999999999,-4.746628484179975e-13,1.6959931e-12,2.539537e-16,3.4366039569358207e-13,-8.494188168304079e-14,-8.494188168304079e-14,7.480000000000001e-16,3.2885460618435136e-15,1.2213302630050381e-12,900.6532053539064,3.280889216502172e-14,6.154991688624704e-14,-8.511751957966384e-13,0.0001602627,2.5754872e-07,98058.055,0.8823346,-159.00517,0.0,0.44533145490250714,0.5546685450974927,-4.746628484179975e-13,1.6959931e-12,2.539537e-16,0.0,-0.0,0.0,7.480000000000001e-16,1.6879247131130038e-14,1.2213302630050381e-12,900.6532053539064,3.280889216502172e-14,6.154991688624704e-14,0.0
142,142,142,130.33855776459677,32.00489863844299,9806.94,885974.0,,161.72952627193442,0.6713398790520977,34610D,226.82616,56.12034,20.38152,224.0702872623627,65486.57238686864,0.40762895357548035,0.4332358063038416,31.48336265686384,33.9145871868298,0.0,0.0001486403182313,27226.657274512538,1.0576385465547251,0.2623613554738653,0.5488538971406567,cruise,15,GTF2035_wi,0,43031,1.237,3.16,3.16,12.654277654261485,1.8962607122817048,0.742155507838632,16.957276428751744,11.92176042616684,23.745381493874845,1479513995108858.0,14.211170302069,737.834836720218,1066.55667569576,0.0148640318231,0.0150075837552115,0.188273584946505,16.9572935934149,12.5452296663762,12.543365216578716,15.132503353808223,0.4877353742789161,333756579761979.25,0.4332358063038416,0.0010308601235412595,3.911456336711916e-06,3.16,35.8,2023-02-06 03:22:00,0.00014864040591034878,1.0576401529056534,1.0,142,272.26657274512536,0.00014864040591034878,56.12034,20.38152,1.0576401529056534,0.31163162,3.696639e-05,0.41816110313064814,940.0904994193929,10009.262329706346,-0.6293529971199417,-0.7771195564494222,2.1281571643374115,233.95797468036722,0.6702405449812074,0.5670715549042598,1.0,227.54775748767656,28.117254249628648,76.22011739808255,1.059782046811056,227.18967,0.000154646290168455,9768.829941300959,1.0,0.00037859160419714046,0.010578063,152.4402347961651,0.41991998975253775,5.8964937215381046e-06,224612394284.34595,-87946622003.91989,0 days 00:38:00,-5.463660583226337e-12,-8.250127480671769e-14,930.928371499019,922.1599676710854,939.6967753269525,561.4099846581987,505.2402899367104,617.5796793796869,155.50009,154.70914,156.29106,-1.0068905,-1.3145673,-0.69921386,0.69558024,0.681725,0.7094354,-0.31131038,-0.6051319,-0.017488837,-1.0,9924.80935099917,1.0756952313615202,0.02654502653871409,109238214505.9152,40557945242.01802,2.5721269455063026e-05,6232.362332278062,374.4206851290668,0.06708091844184455,0.26849622,0.6333333333333333,-1.0068905,0.69558024,-0.31131038,155.50009,930.928371499019,561.4099846581987,10009.262329706346,10009.262329706346,0.00016107652,2.8837698e-07,98084.98,0.8622762,-159.45029,0.4453314549025072,0.4453314549025072,1.0,-4.745642922130664e-13,1.6999851e-12,2.5347832e-16,3.4607551029827746e-13,-8.383559377094718e-14,-8.383559377094718e-14,7.479999999999999e-16,3.5182532532834404e-15,1.225420764255788e-12,901.6582307287497,3.2836780423726993e-14,6.144184863865587e-14,-8.391324506201055e-13,0.00016107652,2.8837698e-07,98084.98,0.8622762,-159.45029,0.0,0.4453314549025072,0.5546685450974927,-4.745642922130664e-13,1.6999851e-12,2.5347832e-16,0.0,-0.0,0.0,7.479999999999999e-16,1.693194825663499e-14,1.225420764255788e-12,901.6582307287497,3.2836780423726993e-14,6.144184863865587e-14,0.0
143,143,143,130.25612045285803,31.94822251958198,9806.94,885974.0,,161.7885608802623,0.6721803096258426,34610D,226.88962,55.96218,20.253191,223.7605736943169,65455.089024211775,0.4073970729369326,0.4339069304628034,31.51983193353668,33.9947900352792,0.0,0.0001499719967303,27226.657274512538,1.0590532603300102,0.2626652661128056,0.5498898344362151,cruise,15,GTF2035_wi,0,43031,1.237,3.16,3.16,12.657418212264254,1.896714473556893,0.7410260239674562,16.99740591670648,11.925990487390091,23.80370589308207,1482266921622214.2,14.218865288197,738.084528519807,1067.15599502245,0.014997199673,0.0150238568659054,0.188520941638045,16.9973950176396,12.548105544447,12.546223962187964,15.132808576811245,0.4883819730017412,334476903981440.75,0.4339069304628034,0.001031725087232231,3.925523376588385e-06,3.16,35.8,2023-02-06 03:23:00,0.00014997192545063132,1.0590519642920293,1.0,143,272.26657274512536,0.00014997192545063132,55.96218,20.253191,1.0590519642920293,0.29820383,3.5838915e-05,0.41804414536235235,941.2671487722504,9992.50874878716,-0.6338095930006235,-0.7734891077580757,2.1273268769115163,233.95378032103386,0.6715540854699585,0.5775570976670065,1.0,227.55397353521562,28.117254249628648,72.03728477044874,1.0612225963997228,227.22354,0.00015553226549208624,9770.921357614776,1.0,0.0007331925589383559,0.01156364,144.07456954089747,0.4197238771590091,6.641136593601056e-06,237462915497.748,-60503134336.13872,0 days 00:37:00,-3.758741185298456e-12,-5.675699189800668e-14,932.327451041581,923.7405724445247,940.9143296386372,577.5293248208778,526.5502648273372,628.5083848144185,155.87091,154.88072,156.86111,-0.8437778,-1.0996073,-0.58794826,0.66488755,0.61655813,0.713217,-0.17889023,-0.38639033,0.028609872,-1.0,9932.458852271155,1.0849379749379962,0.046490724333722276,111933464228.36304,51171044100.06573,2.660608327031279e-05,6722.584871582774,355.4939591195649,0.06352931752162466,0.25670728,0.6166666666666667,-0.8437778,0.66488755,-0.17889023,155.87091,932.327451041581,577.5293248208778,9992.50874878716,9992.50874878716,0.00016100079,3.1880285e-07,98109.54,0.8380102,-159.97833,0.4453314549025072,0.4453314549025072,1.0000000000000002,-4.744752926300324e-13,1.7036455e-12,2.5265545e-16,3.4786463674284655e-13,-8.252320388552277e-14,-8.252320388552277e-14,7.480000000000001e-16,3.77615512194927e-15,1.229170176689737e-12,902.6636718388227,3.3015953374560464e-14,6.153702800377916e-14,-8.246138368040329e-13,0.00016100079,3.1880285e-07,98109.54,0.8380102,-159.97833,0.0,0.4453314549025072,0.5117103130796634,-4.744752926300324e-13,1.7036455e-12,2.5265545e-16,0.0,-0.0,0.0,7.480000000000001e-16,1.6979867743632915e-14,1.229170176689737e-12,902.6636718388227,3.3015953374560464e-14,6.153702800377916e-14,0.0
144,144,144,130.17425633212648,31.891241139228185,9806.94,885974.0,,161.84759548859017,0.673017490664243,34610D,226.96384,55.83456,20.127499,223.56593722764003,65423.56919227824,0.4072480858904338,0.4336468997268558,31.49900954443629,33.9915604158856,0.0,0.0001507548867678,27226.657274512538,1.0551852437433331,0.2624917462036357,0.5500851440233991,cruise,15,GTF2035_wi,0,43031,1.237,3.16,3.16,12.646721085620753,1.8951016078378653,0.7402603985076894,16.995785681046552,11.921268577291835,23.80403228718537,1482282327507109.2,14.2085046331148,738.163136028824,1067.33942508125,0.0150754886768,0.0150285616771675,0.188426021370395,16.9957802079428,12.5378612682986,12.535971409348258,15.132385076864418,0.4885855340118287,334274393359407.3,0.4336468997268558,0.0010317746395569036,3.924912348851291e-06,3.16,35.8,2023-02-06 03:24:00,0.00015075490898701534,1.0551856441756609,1.0,144,272.26657274512536,0.00015075490898701534,55.83456,20.127499,1.0551856441756609,0.27924627,3.390237e-05,0.4179074397247107,942.4392471792122,9996.207592536055,-0.6335753538220438,-0.7736809878944112,2.126793613587338,233.95108567322652,0.6695908688228606,0.5892785469548805,1.0,227.5362827374496,28.117254249628648,68.92485232480975,1.057876416618391,227.2737,0.00015600776163494177,9772.477573837596,1.0,0.001106436131395583,0.012485605,137.8497046496195,0.4195319621947269,6.518914728277363e-06,227393439281.77765,-222345898429.22202,0 days 01:06:00,-1.3813180010889344e-11,-2.0857901816442907e-13,917.0622278178457,883.702195191188,942.1292441094563,526.9452030782624,400.3108072517349,630.3351767266438,156.91927,154.99252,158.20741,-0.7112332,-0.9478714,-0.54913944,0.48688772,0.22592506,0.66216826,-0.22434549,-0.41076377,0.023430467,-1.0,9916.439170647705,1.0837963612976245,0.050684487972468155,98939319269.99396,45437857017.07414,2.82259183279725e-05,12819.98770457522,389.4268741611188,0.04611766238414696,0.2769694,1.1,-0.7112332,0.48688772,-0.22434549,156.91927,917.0622278178457,526.9452030782624,9996.207592536055,9996.207592536055,0.00016062245,3.4978018e-07,98134.41,0.81123513,-160.23013,0.4453314549025072,0.4453314549025072,1.0,-4.743850111835759e-13,1.7074783e-12,2.527791e-16,3.4964629468334757e-13,-8.189737334046705e-14,-8.189737334046705e-14,7.480000000000001e-16,3.9274120490583676e-15,1.2330932846835892e-12,903.6741901143392,3.310307041227778e-14,6.150015023678248e-14,-8.186631451947366e-13,0.00016062245,3.4978018e-07,98134.41,0.81123513,-160.23013,0.0,0.4453314549025072,0.41428359506433526,-4.743850111835759e-13,1.7074783e-12,2.527791e-16,0.0,-0.0,0.0,7.480000000000001e-16,1.7030991783533096e-14,1.2330932846835892e-12,903.6741901143392,3.310307041227778e-14,6.150015023678248e-14,0.0
145,145,145,130.09239221139492,31.834259758874385,9806.94,885974.0,,161.90663009691804,0.6738470905037977,34610D,227.04477,55.728184,20.020607,223.3992623574701,65392.070182733805,0.4070777405033776,0.43397384349127,31.515171797075844,34.0283282692966,0.0,0.000151279520372,27226.657274512538,1.04867735958885,0.2626264316422987,0.5510021268650639,cruise,15,GTF2035_wi,0,43031,1.237,3.16,3.16,12.645109943769455,1.8948535453980728,0.739576684043832,17.014745558736376,11.922998094998926,23.83932822265865,1483948304660734.0,14.2101741548976,738.407495561833,1067.81760577691,0.0151279520372,0.0150402862698071,0.188548701423594,17.0141641346483,12.5362441938422,12.534348003688024,15.1324164208155,0.489218324364631,334558999609552.5,0.43397384349127,0.00103254211192243,3.9337349687661455e-06,3.16,35.8,2023-02-06 03:25:00,0.00015127964545257568,1.0486795921102083,1.0,145,272.26657274512536,0.00015127964545257568,55.728184,20.020607,1.0486795921102083,0.25855336,3.16652e-05,0.41775847681710043,943.600728933781,9999.901439891506,-0.6333416055266323,-0.7738723478125754,2.126183552217171,233.94800222194658,0.6659920817173891,0.6018148400896158,1.0,227.50575901333428,28.117254249628648,66.29745498824511,1.0521899574313343,227.3331,0.00015630145005406123,9773.791272505878,1.0,0.001500146252918455,0.013464913,132.59490997649021,0.419338523880552,5.966724125039076e-06,206488258755.0709,-193873107201.344,0 days 01:05:00,-1.2044315402089975e-11,-1.8186916257155863e-13,918.6744902257424,885.7370572699026,943.3351369705829,537.187093985508,410.04925209412136,629.2286306229266,157.37451,155.34807,158.60252,-0.69318026,-0.82231665,-0.52929115,0.49291134,0.3530432,0.59680223,-0.20026886,-0.46927345,-0.00040256977,-1.0,9933.983160705551,1.0903032438174307,0.05214374621193569,94154287997.37587,41110731988.81195,3.017498530203821e-05,12327.977153370799,325.366168609687,0.045654826761340646,0.26020816,1.0833333333333333,-0.69318026,0.49291134,-0.20026886,157.37451,918.6744902257424,537.187093985508,9999.901439891506,9999.901439891506,0.00016009975,3.802432e-07,98159.25,0.78380674,-160.35876,0.44533145490250714,0.44533145490250714,1.0,-4.742947926478746e-13,1.7113665e-12,2.5345185e-16,3.51418709478708e-13,-8.157767176008688e-14,-8.157767176008688e-14,7.480000000000001e-16,4.030956236037873e-15,1.2370716815005778e-12,904.6847083898563,3.3259632288870645e-14,6.154651766300672e-14,-8.157686772966895e-13,0.00016009975,3.802432e-07,98159.25,0.78380674,-160.35876,0.0,0.44533145490250714,0.2662194754563094,-4.742947926478746e-13,1.7113665e-12,2.5345185e-16,0.0,-0.0,0.0,7.480000000000001e-16,1.7083383717651767e-14,1.2370716815005778e-12,904.6847083898563,3.3259632288870645e-14,6.154651766300672e-14,0.0
146,146,146,130.0105280906634,31.777278378520588,9806.94,885974.0,,161.9656647052459,0.6746690942754958,34610D,227.13167,55.641426,19.933578,223.29576465676263,65360.555010936725,0.4069562255768376,0.4345652830977581,31.548505318180787,34.0803210904722,0.0,0.0001515603248334,27226.657274512538,1.0397921909550891,0.2629042109848399,0.5523084257129113,cruise,15,GTF2035_wi,0,43031,1.237,3.16,3.16,12.64794181205179,1.89527434563826,0.7390925476627987,17.0401587319845,11.928009412566777,23.889079030010056,1486296555452515.5,14.2181608687136,738.752374107287,1068.43859873085,0.0151560324833,0.0150546694026177,0.18877490337932,17.0401605452361,12.5392925165461,12.537392345289684,15.13213006855805,0.4901114174793727,335018780924727.4,0.4345652830977581,0.0010337985737925704,3.946854751397589e-06,3.16,35.8,2023-02-06 03:26:00,0.00015156033678745257,1.0397924021181024,1.0,146,272.26657274512536,0.00015156033678745257,55.641426,19.933578,1.0397924021181024,0.23670526,2.9209463e-05,0.4175986434850274,944.7515732221103,10003.590281788278,-0.6331083477927678,-0.7740631886061446,2.1257484108835643,233.94580239593435,0.66091257168207,0.6148219892140343,1.0,227.46504857515595,28.117254249628648,63.97230613005376,1.0443638002022844,227.40009,0.00015640798981388318,9774.953846934974,1.0,0.0019132768053927408,0.014503283,127.94461226010752,0.4191408884226808,5.025827045929318e-06,174570120841.63693,-134301740887.0403,0 days 01:04:00,-8.343460058198639e-12,-1.2598624687879944e-13,920.2677818659935,887.7431636567203,944.5325218266297,546.6315615697695,421.1773982758609,627.3343711918641,157.9646,155.85957,159.45377,-0.5839408,-0.7539729,-0.45023695,0.4412339,0.37214726,0.5338397,-0.14270695,-0.38182563,-0.013773024,-1.0,9934.670886604496,1.0891854430395809,0.0513511071217842,81769255316.8906,35604181246.82807,3.1357328649497114e-05,12405.418606711364,297.4053067801048,0.04029164605790636,0.24976176,1.0666666666666667,-0.5839408,0.4412339,-0.14270695,157.9646,920.2677818659935,546.6315615697695,10003.590281788278,10003.590281788278,0.0001594447,4.0977366e-07,98184.04,0.7559969,-160.38037,0.4453314549025072,0.4453314549025072,0.9999999999999999,-4.742048171311832e-13,1.7152784e-12,2.545927e-16,3.5316565991071003e-13,-8.152396245976363e-14,-8.152396245976363e-14,7.480000000000003e-16,4.092715753573999e-15,1.2410736191897504e-12,905.6952266653732,3.345336055610662e-14,6.163039610115058e-14,-8.155323185953638e-13,0.0001594447,4.0977366e-07,98184.04,0.7559969,-160.38037,0.0,0.4453314549025072,0.07231398922168897,-4.742048171311832e-13,1.7152784e-12,2.545927e-16,0.0,-0.0,0.0,7.480000000000003e-16,1.713654974713618e-14,1.2410736191897504e-12,905.6952266653732,3.345336055610662e-14,6.163039610115058e-14,0.0
147,147,147,129.92866396993185,31.720296998166795,9806.94,885974.0,,162.02469931357376,0.6754834872111176,34610D,227.2179,55.566555,19.866325,223.26164115960063,65329.00650561855,0.40687689903016233,0.4345585080195451,31.54516568661435,34.0783544769436,0.0,0.000151277499705,27226.657274512538,1.0272417706254124,0.2628763807217862,0.5530057705906959,cruise,15,GTF2035_wi,0,43031,1.237,3.16,3.16,12.642330342266176,1.8944370512153028,0.7388394446338619,17.03919087633494,11.927320301821076,23.90072808958239,1486846394034451.0,14.2144012044477,738.961108232486,1068.7565085444,0.0151277499705,0.0150611435731558,0.18877569495918,17.0391772384718,12.5339549445398,12.532059125969068,15.131853837622208,0.4906519527271697,334899333299555.06,0.4345585080195451,0.0010343938204349066,3.950096169232403e-06,3.16,35.8,2023-02-06 03:27:00,0.00015127741065889755,1.0272402137374643,1.0,147,272.26657274512536,0.00015127741065889755,55.566555,19.866325,1.0272402137374643,0.21748713,2.7184275e-05,0.41744016331674966,945.8917593715132,10007.27410917116,-0.6328755802997545,-0.7742535113644942,2.12546358655403,233.94436227110543,0.6534880924384739,0.627331504760659,1.0,227.40793200731167,28.117254249628648,61.99382929448776,1.0334988170441306,227.46904,0.00015607840708449015,9775.943085352757,1.0,0.0023087954768251963,0.015574014,123.98765858897552,0.4189507913818564,3.4755093153125713e-06,124890715006.19366,-74191553247.40497,0 days 01:03:00,-4.609130582276568e-12,-6.959787179237617e-14,921.8385133849766,889.7146198228578,945.7220430383835,554.80368265581,433.74336738145155,626.5464143762741,158.454,156.55006,160.01001,-0.4211657,-0.5411416,-0.32352328,0.34028658,0.27628827,0.45602798,-0.08087913,-0.25259817,0.057195783,-1.0,9920.562186192832,1.0813099496582976,0.05014092131174044,59538634691.44393,26913268579.762825,3.3174410046353254e-05,12686.77895454091,285.43852185564566,0.03109634626436476,0.24576564,1.05,-0.4211657,0.34028658,-0.08087913,158.454,921.8385133849766,554.80368265581,10007.27410917116,10007.27410917116,0.00015845711,4.475048e-07,98205.77,0.73174894,-160.46162,0.44533145490250725,0.44533145490250725,1.0,-4.741278302442898e-13,1.7185026e-12,2.5566498e-16,3.5431156862402664e-13,-8.132204614245822e-14,-8.132204614245822e-14,7.480000000000002e-16,4.169010187833566e-15,1.2443748142050814e-12,906.7036951555444,3.356113482310356e-14,6.162943525413832e-14,-8.138120068662445e-13,0.00015845711,4.475048e-07,98205.77,0.73174894,-160.46162,0.0,0.44533145490250725,0.0,-4.741278302442898e-13,1.7185026e-12,2.5566498e-16,0.0,-0.0,0.0,7.480000000000002e-16,1.718053757062688e-14,1.2443748142050814e-12,906.7036951555444,3.356113482310356e-14,6.162943525413832e-14,0.0
148,148,148,129.8467998492003,31.663315617813,9806.94,885974.0,,162.08373392190165,0.6762902546435083,34610D,227.29774,55.481785,19.839893,223.242163109904,65297.461339931935,0.40683380332575997,0.4338548225066387,31.4985337678728,34.0225355689328,0.0,0.0001507536128151,27226.657274512538,1.0139948663131737,0.2624877813989399,0.5528942887817804,cruise,15,GTF2035_wi,0,43031,1.237,3.16,3.16,12.626517839723888,1.89207418277697,0.7386451870105114,17.011241584380283,11.919453574490564,23.86946059239792,1485370560195175.8,14.1966145265196,738.983923592383,1068.71615745249,0.0150753612815,0.0150588610987336,0.188515870581103,17.0112677844664,12.5186007988981,12.516713859063271,15.13145657828066,0.4907110350942898,334167814898181.9,0.4338548225066387,0.0010341333639364023,3.941974168752578e-06,3.16,35.8,2023-02-06 03:28:00,0.00015075372271872953,1.0139967696873868,1.0,148,272.26657274512536,0.00015075372271872953,55.481785,19.839893,1.0139967696873868,0.20268203,2.5730033e-05,0.4172935343945298,947.021266850846,10010.952913011724,-0.6326433027258929,-0.774443317174391,2.1253082039205884,233.94357655561262,0.6455698872472787,0.6385855874424617,1.0,227.34863590514752,28.117254249628648,60.320698125750376,1.021933385895281,227.53384,0.0001555448372843829,9776.779650937126,1.0,0.0026869328923973513,0.016570397,120.64139625150075,0.4187781810672678,1.744410257061786e-06,65753878740.521736,0.0,0 days 00:00:00,0.0,0.0,923.3746790358074,891.615201045706,946.9037793794287,562.8244369296876,451.8589144246123,620.9889234223974,158.75652,157.2594,160.01675,-1.5666333,-3.048079,-0.39121717,1.2565908,0.33257625,1.80093,-0.31004262,-1.247149,0.3756621,0.0,9965.509550029725,1.0879754131969468,0.05397959135443325,47512168249.00872,14525193207.371782,2.17878082397944e-05,1155.9583867582187,261.2581118795409,0.09682518436086769,0.20503096,1.0333333333333334,-1.5666333,1.2565908,-0.31004262,158.75652,923.3746790358074,562.8244369296876,10010.952913011724,0.0,0.00015738753,4.9218585e-07,98225.51,0.71091264,-160.50339,0.4453314549025072,0.4453314549025072,1.0,-4.740592302409878e-13,1.7211241e-12,2.572922e-16,3.5503037582477376e-13,-8.121822471579889e-14,-8.121822471579889e-14,7.48e-16,4.222219593310089e-15,1.2470648738499188e-12,907.7102811820896,3.357076794761643e-14,6.152963801174951e-14,-8.130718233082678e-13,0.00015738753,4.9218585e-07,98225.51,0.71091264,-160.50339,0.0,0.4453314549025072,0.0,-4.740592302409878e-13,1.7211241e-12,2.572922e-16,0.0,-0.0,0.0,7.48e-16,1.7217135547837913e-14,1.2470648738499188e-12,907.7102811820896,3.357076794761643e-14,6.152963801174951e-14,0.0
149,149,149,129.76493572846874,31.6063342374592,9806.94,885974.0,,162.14276853022952,0.6770893820068138,34610D,227.37654,55.39141,19.849646,223.18626876424057,65265.96280616406,0.406774030921525,0.4331535470456695,31.451718322373384,33.9710571023598,0.0,0.0001501377048328,27226.657274512538,1.000425879597128,0.2620976526864448,0.5527490838162796,cruise,15,GTF2035_wi,0,43031,1.237,3.16,3.16,12.610412714723315,1.889668608786513,0.738332241979749,16.985393163590654,11.911381626655588,23.83943571608158,1483953378377703.5,14.1787118426126,738.999735874637,1068.6809094963,0.0150137704833,0.0150568739408334,0.188258192389254,16.9855285511799,12.5031393056104,12.501262394766938,15.130836069977876,0.4907519823802129,333461857004824.4,0.4331535470456695,0.0010338772743732664,3.9339963786855064e-06,3.16,35.8,2023-02-06 03:29:00,0.00015013783595372554,1.0004281292277086,1.0,149,272.26657274512536,0.00015013783595372554,55.39141,19.849646,1.0004281292277086,0.19108872,2.4633013e-05,0.4171489164382961,948.1400752708372,10014.626684299017,-0.6324115147496485,-0.7746326071190491,2.125092932834362,233.9424879212375,0.6374251530021995,0.6494965460185202,0.0,227.28833174760229,,,,,,,,,,,,,,0.0,0 days 00:00:00,,,,,,,,,,,,,,,,,,,,,0.0,,,,,,,,,,,,,,,,,,0.0,0.0,0.0001564531,5.4138644e-07,98245.07,0.6915944,-160.41318,0.4453314549025072,0.4453314549025072,0.9999999999999999,-4.739913940206033e-13,1.7236069e-12,2.595862e-16,3.5570831024587587e-13,-8.144243495225931e-14,-8.144243495225931e-14,7.479999999999999e-16,4.221798459744214e-15,1.2496155272060084e-12,908.7168672086347,3.3576739993437284e-14,6.143018256485449e-14,-8.156155823071831e-13,0.0001564531,5.4138644e-07,98245.07,0.6915944,-160.41318,0.0,0.4453314549025072,0.0,-4.739913940206033e-13,1.7236069e-12,2.595862e-16,0.0,-0.0,0.0,7.479999999999999e-16,1.7252588052105708e-14,1.2496155272060084e-12,908.7168672086347,3.3576739993437284e-14,6.143018256485449e-14,0.0
150,150,150,129.6830716077372,31.549352857105404,9806.94,885974.0,,162.20180313855738,0.6778808548367221,34610D,227.44739,55.281876,19.889835,223.1010177788398,65234.51108784169,0.40669147238964837,0.4326681313434297,31.41830684003246,33.9390640386456,0.0,0.0001498913934418,27226.657274512538,0.9904041953226465,0.2618192236669371,0.5527511271475778,cruise,15,GTF2035_wi,0,43031,1.237,3.16,3.16,12.59777819405722,1.8877784305808047,0.7379352669194987,16.96952402727271,11.905335627976042,23.822247821845643,1483142105387427.5,14.1651956137894,739.041225004439,1068.72417583845,0.0149891393442,0.0150572299772268,0.188080252046185,16.9695320193228,12.4910260606131,12.489154043910547,15.13033181142249,0.4908633354955929,332977873213746.2,0.4326681313434297,0.0010337757557654084,3.929236535559093e-06,3.16,35.8,2023-02-06 03:30:00,0.0001498913934418322,0.9904052895745701,0.0,150,272.26657274512536,0.0001498913934418322,55.281876,19.889835,0.9904052895745701,0.1794099,2.3429502e-05,0.41701897429769974,949.2481643844269,10018.295414041308,-0.632180216049153,-0.7748213822785521,2.1247967757980373,233.94099008398274,0.6314790168118998,0.6591724199947069,0.0,227.24423764104716,,,,,,,,,,,,,,0.0,0 days 00:00:00,,,,,,,,,,,,,,,,,,,,,0.0,,,,,,,,,,,,,,,,,,0.0,0.0,0.0001554919,5.994586e-07,98263.23,0.6747469,-160.28838,0.44533145490250714,0.44533145490250714,1.0,-4.739297323489606e-13,1.7258118e-12,2.6235223e-16,3.563161779289466e-13,-8.175264346769243e-14,-8.175264346769243e-14,7.480000000000001e-16,4.204396012802016e-15,1.2518820569874865e-12,909.7234532351803,3.359664542862483e-14,6.136134052163029e-14,-8.190221331381372e-13,0.0001554919,5.994586e-07,98263.23,0.6747469,-160.28838,0.0,0.44533145490250714,0.0,-4.739297323489606e-13,1.7258118e-12,2.6235223e-16,0.0,-0.0,0.0,7.480000000000001e-16,1.7284818967632804e-14,1.2518820569874865e-12,909.7234532351803,3.359664542862483e-14,6.136134052163029e-14,0.0
151,151,151,129.60120748700567,31.49237147675161,9806.94,885974.0,,162.26083774688524,0.6786646587707049,34610D,227.50879,55.140663,19.9616,223.0071179673629,65203.09278100165,0.4067066896783856,0.4295526109625213,31.22078289511742,33.7101273147114,0.0,0.0001495886142014,27226.657274512538,0.9812181428495294,0.2601731907926451,0.5497731789068966,cruise,15,GTF2035_wi,0,43031,1.237,3.16,3.16,12.544819717282486,1.8798463953954567,0.7375251464180534,16.854718857536078,11.87144543247644,23.64692002313716,1474866588585650.0,14.0984112951527,738.418150804212,1067.48274606111,0.0149588614201,0.0150255362168296,0.186924778591598,16.8550636573557,12.4404730649299,12.438612390139872,15.127950057171342,0.4892459170453879,330182572019199.75,0.4295526109625213,0.0010307017065253384,3.882512498888253e-06,3.16,35.8,2023-02-06 03:31:00,0.0001495886142014686,0.981217406917606,0.0,151,272.26657274512536,0.0001495886142014686,55.140663,19.9616,0.981217406917606,0.16850303,2.2356397e-05,0.41690642934934025,950.3455140871033,10021.959093275858,-0.6319494063024116,-0.7750096437296955,2.1248507195242374,233.9412629223311,0.6259988466102855,0.6672133713628113,0.0,227.20557370956678,,,,,,,,,,,,,,0.0,0 days 00:00:00,,,,,,,,,,,,,,,,,,,,,0.0,,,,,,,,,,,,,,,,,,0.0,0.0,0.0001545456,6.585276e-07,98281.11,0.6606172,-160.16043,0.44533145490250725,0.44533145490250725,1.0000000000000002,-4.73869197696949e-13,1.7276881e-12,2.652031e-16,3.5679132508473037e-13,-8.207061982505202e-14,-8.207061982505202e-14,7.48e-16,4.181549481127038e-15,1.253818887671645e-12,910.7295102565465,3.330699228635522e-14,6.091949492879354e-14,-8.225083946464661e-13,0.0001545456,6.585276e-07,98281.11,0.6606172,-160.16043,0.0,0.44533145490250725,0.0,-4.73869197696949e-13,1.7276881e-12,2.652031e-16,0.0,-0.0,0.0,7.48e-16,1.731284865313536e-14,1.253818887671645e-12,910.7295102565465,3.330699228635522e-14,6.091949492879354e-14,0.0
152,152,152,129.51934336627411,31.43539009639781,9806.94,885974.0,,162.3198723552131,0.6794407795482571,34610D,227.53284,54.86735,20.05423,222.7230162415908,65171.87199810654,0.40657258654598727,0.4283157572708208,31.13956384424668,33.6448412867748,0.0,0.0001495650281644,27226.657274512538,0.978262631749944,0.2594963653687223,0.5484050065927458,cruise,15,GTF2035_wi,0,43031,1.237,3.16,3.16,12.520940133458094,1.8762683252550083,0.7365466917213038,16.822361004569302,11.85618785610458,23.58543288249,1471964379869935.0,14.0689272601037,738.109446135229,1067.03426191059,0.0149565028164,0.0150162806018854,0.186465498355135,16.8224206433874,12.4175555384682,12.41569858415978,15.12702057667204,0.4884464993431516,329266444205485.06,0.4283157572708208,0.0010292277164614164,3.864923355952134e-06,3.16,35.8,2023-02-06 03:32:00,0.00014956502816441272,0.9782632384157457,0.0,152,272.26657274512536,0.00014956502816441272,54.86735,20.05423,0.9782632384157457,0.16791493,2.281043e-05,0.41686236274503885,951.4321044172391,10003.692333126219,-0.6366742523634694,-0.771132865579867,2.12437050109377,233.93883384223668,0.6242618201668401,0.6706347501062405,0.0,227.19104988515332,,,,,,,,,,,,,,0.0,0 days 00:00:00,,,,,,,,,,,,,,,,,,,,,0.0,,,,,,,,,,,,,,,,,,0.0,0.0,0.0001539581,7.131158e-07,98298.26,0.6537709,-159.91792,0.44533145490250725,0.44533145490250725,1.0000000000000002,-4.738113188138399e-13,1.7285781e-12,2.682028e-16,3.5687340110592984e-13,-8.2673339430585e-14,-8.2673339430585e-14,7.480000000000002e-16,4.100436777713737e-15,1.2547667912390828e-12,911.7321448701731,3.3188665605821594e-14,6.074408334875363e-14,-8.270386518156847e-13,0.0001539581,7.131158e-07,98298.26,0.6537709,-159.91792,0.0,0.44533145490250725,0.0,-4.738113188138399e-13,1.7285781e-12,2.682028e-16,0.0,-0.0,0.0,7.480000000000002e-16,1.732817108660734e-14,1.2547667912390828e-12,911.7321448701731,3.3188665605821594e-14,6.074408334875363e-14,0.0
153,153,153,129.43808684738593,31.37808788122118,9806.94,885974.0,,162.378906963541,0.6802134260702307,34610D,227.53874,54.522495,20.142338,222.41609262983204,65140.73243426229,0.4064279803653847,0.4275434871440553,31.08741897738365,33.618561472927,0.0,0.0001498935065126,27226.657274512538,0.9797241101355998,0.2590618248115304,0.5473755761025194,cruise,15,GTF2035_wi,0,43031,1.237,3.16,3.16,12.505107676943886,1.8738917171025675,0.7355221173225917,16.809256106409492,11.84566826394083,23.54999817823676,1470291852794515.5,14.049368619387,737.862748138097,1066.73761584394,0.0149893506513,0.0150112985109831,0.186174850418268,16.8092807364635,12.4023148485158,12.400456100668515,15.126463492328554,0.4878076533332642,328793037099355.06,0.4275434871440553,0.0010281095616121716,3.85390525680065e-06,3.16,35.8,2023-02-06 03:33:00,0.00014989350651265995,0.9797247602386889,0.0,153,272.26657274512536,0.00014989350651265995,54.522495,20.142338,0.9797247602386889,0.17306955,2.398945e-05,0.4168515536496726,952.5138291741739,9994.487016826015,-0.6393799678973908,-0.7688909263683188,2.1238535630324993,233.93621848095177,0.6252307541035745,0.6717152453420078,0.0,227.1954330930948,,,,,,,,,,,,,,0.0,0 days 00:00:00,,,,,,,,,,,,,,,,,,,,,0.0,,,,,,,,,,,,,,,,,,0.0,0.0,0.00015367745,7.6345106e-07,98315.7,0.6497333,-159.65727,0.44533145490250714,0.44533145490250714,1.0000000000000002,-4.737522586774058e-13,1.7291917e-12,2.713223e-16,3.56974782999398e-13,-8.332114829930381e-14,-8.332114829930381e-14,7.480000000000001e-16,4.00865099046382e-15,1.2554394153764008e-12,912.7404248384167,3.31105735056386e-14,6.063455938155966e-14,-8.32752134904427e-13,0.00015367745,7.6345106e-07,98315.7,0.6497333,-159.65727,0.0,0.44533145490250714,0.0,-4.737522586774058e-13,1.7291917e-12,2.713223e-16,0.0,-0.0,0.0,7.480000000000001e-16,1.734003471835243e-14,1.2554394153764008e-12,912.7404248384167,3.31105735056386e-14,6.063455938155966e-14,0.0
154,154,154,129.35719058799563,31.32059543654897,9806.94,885974.0,,162.43794157186886,0.6809807891794233,34610D,227.53448,54.128723,20.227055,222.12298797253908,65109.64501528491,0.4063196127403033,0.4261759708593867,30.99867015830252,33.5463038976794,0.0,0.0001503532928678,27226.657274512538,0.98322721475333,0.2583222513191876,0.5456196821947351,cruise,15,GTF2035_wi,0,43031,1.237,3.16,3.16,12.48071608122154,1.8702308954230709,0.7345597249247591,16.773076875155922,11.82895493655099,23.4772381850186,1466857562563248.5,14.018160587443,737.447129629002,1066.11779302227,0.0150353292868,0.0149983256601965,0.185663133410862,16.7731519488397,12.3789239957355,12.377063063547864,15.125493164240822,0.4867313729043284,327799435804830.75,0.4261759708593867,0.0010262718945147854,3.8330423933277995e-06,3.16,35.8,2023-02-06 03:34:00,0.0001503532928678354,0.9832274681497145,0.0,154,272.26657274512536,0.0001503532928678354,54.128723,20.227055,0.9832274681497145,0.18003485,2.5400981e-05,0.41685935812668434,953.5881549699334,9998.094146210118,-0.6391495843960183,-0.7690824460136878,2.1234667268277554,233.93426097974933,0.6274397807259589,0.6714021214003739,0.0,227.20921807326516,,,,,,,,,,,,,,0.0,0 days 00:00:00,,,,,,,,,,,,,,,,,,,,,0.0,,,,,,,,,,,,,,,,,,0.0,0.0,0.00015347343,8.139274e-07,98334.734,0.64726335,-159.40096,0.4453314549025072,0.4453314549025072,1.0,-4.736862458242382e-13,1.7296341e-12,2.7464154e-16,3.570542715613737e-13,-8.395821334443157e-14,-8.395821334443157e-14,7.479999999999999e-16,3.916649973853784e-15,1.25594789035996e-12,913.7520520522974,3.295901816818901e-14,6.044061712805491e-14,-8.394221213652215e-13,0.00015347343,8.139274e-07,98334.734,0.64726335,-159.40096,0.0,0.4453314549025072,0.0,-4.736862458242382e-13,1.7296341e-12,2.7464154e-16,0.0,-0.0,0.0,7.479999999999999e-16,1.7349964108962833e-14,1.25594789035996e-12,913.7520520522974,3.295901816818901e-14,6.044061712805491e-14,0.0
155,155,155,129.2762943286053,31.26310299187677,9806.94,885974.0,,162.49697618019673,0.6817403333562662,34610D,227.52292,53.693314,20.318111,221.79940713691488,65078.6463451266,0.4062405397128263,0.4237133240962955,30.84180305551136,33.3946148819512,0.0,0.0001509155780389,27226.657274512538,0.9882601985758548,0.2570150254625946,0.5425861270882756,cruise,15,GTF2035_wi,0,43031,1.237,3.16,3.16,12.4395974716333,1.864062291701992,0.7335082992945839,16.69709008348545,11.800420653136932,23.33920402796782,1460342315156348.8,13.964420753707,736.735477892843,1064.94513802844,0.0150915578039,0.0149720282953339,0.184743157072374,16.6973074409756,12.3392204067601,12.33735850716952,15.12417905508901,0.4848884885787151,325866093529562.9,0.4237133240962955,0.0010230879641832836,3.794619759690855e-06,3.16,35.8,2023-02-06 03:35:00,0.00015091557803893578,0.9882608895911381,0.0,155,272.26657274512536,0.00015091557803893578,53.693314,20.318111,0.9882608895911381,0.18847515,2.7014765e-05,0.4168805379453151,954.6515312824852,10001.69622368689,-0.6389196909272052,-0.7692734419863229,2.1231849669329645,233.9328349959765,0.6305801078322277,0.6700788246549806,0.0,227.2301958106176,,,,,,,,,,,,,,0.0,0 days 00:00:00,,,,,,,,,,,,,,,,,,,,,0.0,,,,,,,,,,,,,,,,,,0.0,0.0,0.00015332515,8.6484766e-07,98355.67,0.6460062,-159.13571,0.4453314549025072,0.4453314549025072,1.0,-4.73611850472334e-13,1.7299399e-12,2.7811887e-16,3.5710781511413e-13,-8.461744222743373e-14,-8.461744222743373e-14,7.479999999999998e-16,3.819592926140887e-15,1.2563280613277718e-12,914.7636792661777,3.267679151824161e-14,6.009136259399589e-14,-8.463179523841675e-13,0.00015332515,8.6484766e-07,98355.67,0.6460062,-159.13571,0.0,0.4453314549025072,0.0,-4.73611850472334e-13,1.7299399e-12,2.7811887e-16,0.0,-0.0,0.0,7.479999999999998e-16,1.7358383682530283e-14,1.2563280613277718e-12,914.7636792661777,3.267679151824161e-14,6.009136259399589e-14,0.0
156,156,156,129.195398069215,31.205610547204564,9806.94,885974.0,,162.5560107885246,0.6824920444625074,34610D,227.51122,53.21368,20.203661,221.3740405937573,65047.80454207109,0.40608246819443844,0.4218390502234815,30.72036951431403,33.297817399282,0.0,0.0001509010246356,27226.657274512538,0.9895393277161312,0.2560030792859502,0.540124452385378,cruise,15,GTF2035_wi,0,43031,1.237,3.16,3.16,12.406552481495446,1.859110710742664,0.7321204198524998,16.648786590625747,11.777497771848862,23.23955475269096,1455638843956041.5,13.9214568916107,736.14173838716,1064.06395237836,0.0150901024636,0.0149539494554442,0.184039092630928,16.648908699641,12.3070559506222,12.305199083472155,15.12342519018876,0.4833590760466199,324462936198025.6,0.4218390502234815,0.001020501281429509,3.7650883050309993e-06,3.16,35.8,2023-02-06 03:36:00,0.0001509010246356294,0.9895403071360371,0.0,156,272.26657274512536,0.0001509010246356294,53.21368,20.203661,0.9895403071360371,0.20117436,2.9233926e-05,0.4169019764585188,955.703938321561,10005.293240226098,-0.6386902871888008,-0.7694639153662028,2.1226198532991147,233.92997445733496,0.6313237971629114,0.6689085425344053,0.0,227.232822626053,,,,,,,,,,,,,,0.0,0 days 00:00:00,,,,,,,,,,,,,,,,,,,,,0.0,,,,,,,,,,,,,,,,,,0.0,0.0,0.00015318146,8.7804244e-07,98380.7,0.6454291,-158.77698,0.44533145490250725,0.44533145490250725,1.0,-4.735188092302609e-13,1.7300111e-12,2.7889738e-16,3.5696195268647e-13,-8.550902541777475e-14,-8.550902541777475e-14,7.480000000000001e-16,3.6798537488646944e-15,1.2564923414150676e-12,915.7722133925645,3.24542390764572e-14,5.982555157393433e-14,-8.555428739907833e-13,0.00015318146,8.7804244e-07,98380.7,0.6454291,-158.77698,0.0,0.44533145490250725,0.0,-4.735188092302609e-13,1.7300111e-12,2.7889738e-16,0.0,-0.0,0.0,7.480000000000001e-16,1.7361297815708655e-14,1.2564923414150676e-12,915.7722133925645,3.24542390764572e-14,5.982555157393433e-14,0.0
157,157,157,129.11450180982467,31.14811810253236,9806.94,885974.0,,162.61504539685245,0.6832359084657613,34610D,227.50671,52.715755,19.987753,220.90595819864512,65017.08417255677,0.4058950482077448,0.4200575565767062,30.60397717052491,33.212117369643,0.0,0.000150574465908,27226.657274512538,0.9879269402747834,0.2550331430877076,0.5377951504284714,cruise,15,GTF2035_wi,0,43031,1.237,3.16,3.16,12.37393880944259,1.8542276221889773,0.7305795465536038,16.605951442642986,11.75525787294884,23.14757532311632,1451297391428433.5,13.8796007372804,735.577254127977,1063.25844717951,0.0150574465908,0.0149379678068207,0.183368974329492,16.6060586848215,12.2753628004049,12.273514722480748,15.122609473172774,0.4819097532924548,323127777321794.25,0.4200575565767062,0.0010180740558406868,3.737041107188936e-06,3.16,35.8,2023-02-06 03:37:00,0.00015057446590806367,0.9879281969810548,0.0,157,272.26657274512536,0.00015057446590806367,52.715755,19.987753,0.9879281969810548,0.21493168,3.160663e-05,0.4169102409528444,956.7453564451604,10008.88518679618,-0.6384613728795526,-0.7696538672291311,2.1219496410215335,233.92658104828584,0.6302673118906118,0.66873616656362,0.0,227.2221161708355,,,,,,,,,,,,,,0.0,0 days 00:00:00,,,,,,,,,,,,,,,,,,,,,0.0,,,,,,,,,,,,,,,,,,0.0,0.0,0.00015299888,8.7188477e-07,98409.59,0.64440334,-158.3978,0.44533145490250714,0.44533145490250714,1.0,-4.734085084924437e-13,1.7301217e-12,2.7826565e-16,3.567640445058155e-13,-8.645143748615382e-14,-8.645143748615382e-14,7.480000000000001e-16,3.5313076165780364e-15,1.2567132273824044e-12,916.7798344934969,3.224598210398532e-14,5.957289871975374e-14,-8.65282512032401e-13,0.00015299888,8.7188477e-07,98409.59,0.64440334,-158.3978,0.0,0.44533145490250714,0.0,-4.734085084924437e-13,1.7301217e-12,2.7826565e-16,0.0,-0.0,0.0,7.480000000000001e-16,1.7363537614362647e-14,1.2567132273824044e-12,916.7798344934969,3.224598210398532e-14,5.957289871975374e-14,0.0
158,158,158,129.03360555043437,31.090625657860155,9806.94,885974.0,,162.67408000518034,0.683971911439746,34610D,227.50839,52.20293,19.741499,220.4081922291992,64986.48019538625,0.4057234935320827,0.4173897045211253,30.432310776355614,33.0617315351742,0.0,0.0001501667176422,27226.657274512538,0.9850558120606212,0.2536025898029634,0.5345361898132208,cruise,15,GTF2035_wi,0,43031,1.237,3.16,3.16,12.32692291330028,1.847187343442523,0.7289306878846487,16.530631489074867,11.723357816261029,23.00435088793864,1444537161570596.5,13.8188839407487,734.798445000313,1062.04408054744,0.0150166717642,0.0149120183649165,0.182368120636482,16.5308657675871,12.229606762391,12.22777055822219,15.121509998959,0.4799101478623433,320982384841292.1,0.4173897045211253,0.0010146639219696752,3.6948562097939683e-06,3.16,35.8,2023-02-06 03:38:00,0.00015016671764221594,0.9850562621158542,0.0,158,272.26657274512536,0.00015016671764221594,52.20293,19.741499,0.9850562621158542,0.22850667,3.3968736e-05,0.4169071623446014,957.7757661598813,10012.472054398504,-0.6382329476976019,-0.7698432986479977,2.121336334422151,233.92347493230898,0.6284454934210575,0.6693331433714075,0.0,227.20625886338277,,,,,,,,,,,,,,0.0,0 days 00:00:00,,,,,,,,,,,,,,,,,,,,,0.0,,,,,,,,,,,,,,,,,,0.0,0.0,0.00015277669,8.605472e-07,98441.734,0.6428509,-158.02007,0.44533145490250725,0.44533145490250725,0.9999999999999999,-4.732837942612782e-13,1.7303461e-12,2.7729355e-16,3.565962723788117e-13,-8.739025220398479e-14,-8.739025220398479e-14,7.480000000000001e-16,3.384663602065777e-15,1.257062339210575e-12,917.7874555944293,3.194272898653218e-14,5.919454180694962e-14,-8.74992458019235e-13,0.00015277669,8.605472e-07,98441.734,0.6428509,-158.02007,0.0,0.44533145490250725,0.0,-4.732837942612782e-13,1.7303461e-12,2.7729355e-16,0.0,-0.0,0.0,7.480000000000001e-16,1.7367103954703348e-14,1.257062339210575e-12,917.7874555944293,3.194272898653218e-14,5.919454180694962e-14,0.0
159,159,159,128.95270929104404,31.033133213187952,9806.94,885974.0,,162.7331146135082,0.6847000395645447,34610D,227.52992,51.727753,19.405075,219.82242705881035,64956.0478846099,0.40544585330041727,0.4157870145605287,30.324892386317103,32.999945678544,0.0,0.0001492341540105,27226.657274512538,0.9764372299973118,0.2527074365526425,0.5325350988860438,cruise,15,GTF2035_wi,0,43031,1.237,3.16,3.16,12.29404612438736,1.842272227085365,0.7269590435153707,16.49989558442851,11.70213019761396,22.92963868561977,1441010726572028.0,13.7782621616274,734.311491071769,1061.4331826975,0.0149234154011,0.0149013736415925,0.181762870988631,16.499972839272,12.1977258849008,12.195905839210493,15.12058470348972,0.4786598855257276,319858121482950.75,0.4157870145605287,0.0010125189033994156,3.670990557261977e-06,3.16,35.8,2023-02-06 03:39:00,0.0001492341540105087,0.976437766338349,0.0,159,272.26657274512536,0.0001492341540105087,51.727753,19.405075,0.976437766338349,0.23874986,3.5806053e-05,0.4168677125385922,958.7951481212831,10016.053834049402,-0.6380050113407723,-0.7700322106925536,2.120344024072472,233.91844765363922,0.6230790277656684,0.6727294056405075,0.0,227.16366605906958,,,,,,,,,,,,,,0.0,0 days 00:00:00,,,,,,,,,,,,,,,,,,,,,0.0,,,,,,,,,,,,,,,,,,0.0,0.0,0.00015235282,8.4193425e-07,98477.42,0.63943714,-157.63501,0.4453314549025072,0.4453314549025072,1.0,-4.731433593326883e-13,1.7308456e-12,2.7601124e-16,3.565089682944829e-13,-8.83472552729756e-14,-8.83472552729756e-14,7.480000000000002e-16,3.2385790011981646e-15,1.257702200840836e-12,918.7950766953618,3.1768969896459976e-14,5.896724703458586e-14,-8.848908649046285e-13,0.00015235282,8.4193425e-07,98477.42,0.63943714,-157.63501,0.0,0.4453314549025072,0.0,-4.731433593326883e-13,1.7308456e-12,2.7601124e-16,0.0,-0.0,0.0,7.480000000000002e-16,1.737413984487426e-14,1.257702200840836e-12,918.7950766953618,3.1768969896459976e-14,5.896724703458586e-14,0.0
160,160,160,128.87181303165374,30.975640768515746,9806.94,885974.0,,162.79214922183607,0.685420279126835,34610D,227.58665,51.3794,18.911232,219.2372141172553,64925.72299222358,0.40512383228776827,0.4147576593230315,30.251852030396723,32.9799027850756,0.0,0.0001476940081119,27226.657274512538,0.959870656050266,0.2520987669199727,0.5314432386862081,cruise,15,GTF2035_wi,0,43031,1.237,3.16,3.16,12.268025794169738,1.838391955224299,0.7249333724252555,16.489925077907152,11.686949321282762,22.89304641976501,1439283562293876.8,13.7482243038648,734.056332940454,1061.22865240415,0.0147694008112,0.0149000788450472,0.181372568209005,16.4899513925378,12.1725911718443,12.170793618552873,15.119716644529936,0.4780047627661306,319223852778646.4,0.4147576593230315,0.0010112686317657784,3.657967418675167e-06,3.16,35.8,2023-02-06 03:40:00,0.00014769400811192934,0.9598708310431223,0.0,160,272.26657274512536,0.00014769400811192934,51.3794,18.911232,0.9598708310431223,0.24255244,3.6652105e-05,0.4167638008841419,959.8034831342096,10019.630516788779,-0.6377775635069208,-0.7702206044291309,2.1191934151264604,233.91261579033107,0.6128493668102775,0.6806815773465651,0.0,227.08703180238123,,,,,,,,,,,,,,0.0,0 days 00:00:00,,,,,,,,,,,,,,,,,,,,,0.0,,,,,,,,,,,,,,,,,,0.0,0.0,0.00015146619,8.2456364e-07,98515.39,0.6323232,-157.26666,0.4453314549025072,0.4453314549025072,1.0,-4.729924143959177e-13,1.7317807e-12,2.7492667e-16,3.5645970090998845e-13,-8.926271120668339e-14,-8.926271120668339e-14,7.480000000000001e-16,3.1051409365955047e-15,1.25878831201422e-12,919.8009923003414,3.167852144567403e-14,5.88212630513198e-14,-8.943793852177885e-13,0.00015146619,8.2456364e-07,98515.39,0.6323232,-157.26666,0.0,0.4453314549025072,0.0,-4.729924143959177e-13,1.7317807e-12,2.7492667e-16,0.0,-0.0,0.0,7.480000000000001e-16,1.738717472966485e-14,1.25878831201422e-12,919.8009923003414,3.167852144567403e-14,5.88212630513198e-14,0.0
161,161,161,128.79091677226342,30.918148323843543,9806.94,885974.0,,162.85118383016393,0.6861326165201138,34610D,227.6756,51.167698,18.287378,218.6901994730489,64895.47114019319,0.40483807396820115,0.4128219421771072,30.12259583519044,32.8848784397638,0.0,0.0001458140447103,27226.657274512538,0.937699872808087,0.2510216319599203,0.5296597226634087,cruise,15,GTF2035_wi,0,43031,1.237,3.16,3.16,12.226570952124334,1.8322028370551824,0.7229833616229027,16.442320365430227,11.662322464378557,22.804798518141208,1435118238836963.5,13.6987189237982,733.661466551065,1060.68702776304,0.014581404471,0.014889561223671,0.180645979733541,16.4424392198819,12.1323910772035,12.130622262106607,15.118529062445512,0.476993565412614,317692059933966.5,0.4128219421771072,0.0010092382362574543,3.631549879616216e-06,3.16,35.8,2023-02-06 03:41:00,0.00014581404471037936,0.9376995407138635,0.0,161,272.26657274512536,0.00014581404471037936,51.167698,18.287378,0.9376995407138635,0.23911938,3.629941e-05,0.41660097649677386,960.8007521531025,10023.202093675574,-0.6375506038936912,-0.7704084809208616,2.118172480996094,233.90743883815165,0.5992178196824706,0.6924197531114121,0.0,226.98938540596913,,,,,,,,,,,,,,0.0,0 days 00:00:00,,,,,,,,,,,,,,,,,,,,,0.0,,,,,,,,,,,,,,,,,,0.0,0.0,0.00015014962,8.14186e-07,98554.12,0.62209415,-157.00389,0.4453314549025072,0.4453314549025072,1.0,-4.728374551685417e-13,1.7330626e-12,2.7423224e-16,3.564003606007355e-13,-8.991580124880995e-14,-8.991580124880995e-14,7.479999999999999e-16,3.0186311179864583e-15,1.2602251606230194e-12,920.8045881046721,3.150328667120265e-14,5.854673809711108e-14,-9.012442473315888e-13,0.00015014962,8.14186e-07,98554.12,0.62209415,-157.00389,0.0,0.4453314549025072,0.0,-4.728374551685417e-13,1.7330626e-12,2.7423224e-16,0.0,-0.0,0.0,7.479999999999999e-16,1.7405159317796048e-14,1.2602251606230194e-12,920.8045881046721,3.150328667120265e-14,5.854673809711108e-14,0.0
162,162,162,128.71002051287311,30.86065587917134,9806.94,885974.0,,162.9102184384918,0.6868370382449179,34610D,227.79257,51.093254,17.616877,218.1082215335268,64865.34854435799,0.40438088719906345,0.414166748621649,30.19429152196864,33.0426790240642,0.0,0.0001435797104025,27226.657274512538,0.9106105911824084,0.2516190960164053,0.5316338170719266,cruise,15,GTF2035_wi,0,43031,1.237,3.16,3.16,12.234045955923296,1.8333503326130915,0.720874191266019,16.52130681265409,11.672301935172738,22.91669052240764,1440399569967065.5,13.715724379951,734.158383168524,1061.86441301084,0.0143579710403,0.0149211058863587,0.181142752507682,16.5213395120321,12.1400353222671,12.138292509743769,15.1182148861822,0.4782667784294612,319178876910533.8,0.414166748621649,0.0010110947924921211,3.659751458515391e-06,3.16,35.8,2023-02-06 03:42:00,0.00014357971040255234,0.910610768221771,0.0,162,272.26657274512536,0.00014357971040255234,51.093254,17.616877,0.910610768221771,0.22904493,3.4647925e-05,0.41638705461064374,961.786936282313,9998.484478455848,-0.6437129435007755,-0.7652670425214766,2.1165425304569143,233.899169108769,0.5825774083154374,0.7075620176652284,0.0,226.87136672441437,,,,,,,,,,,,,,0.0,0 days 00:00:00,,,,,,,,,,,,,,,,,,,,,0.0,,,,,,,,,,,,,,,,,,0.0,0.0,0.00014870931,8.121798e-07,98591.9,0.6108614,-156.94073,0.44533145490250725,0.44533145490250725,1.0,-4.726866236521857e-13,1.7345096e-12,2.7393572e-16,3.563503475939839e-13,-9.007279748756662e-14,-9.007279748756662e-14,7.48e-16,3.0139862136803018e-15,1.2618229298100246e-12,921.8081839090029,3.1704197719046054e-14,5.873745962292117e-14,-9.005914676105319e-13,0.00014870931,8.121798e-07,98591.9,0.6108614,-156.94073,0.0,0.44533145490250725,0.0,-4.726866236521857e-13,1.7345096e-12,2.7393572e-16,0.0,-0.0,0.0,7.48e-16,1.7425633811690964e-14,1.2618229298100246e-12,921.8081839090029,3.1704197719046054e-14,5.873745962292117e-14,0.0
163,163,163,128.62991062698651,30.80275157615405,9806.94,885974.0,,162.96925304681966,0.6875385696617875,34610D,227.93483,51.16783,16.917862,217.72699944662827,64835.15425283602,0.40404918941124274,0.4146269283110054,30.21348470058865,33.110130726952,0.0,0.0001409656632192,27226.657274512538,0.8790917850526183,0.2517790391715721,0.5330071879641304,cruise,15,GTF2035_wi,0,43031,1.237,3.16,3.16,12.228535171496551,1.832556472153832,0.719389557901241,16.555088503495796,11.674299710356248,22.972585515982264,1443037827915145.5,13.7156896704552,734.540386583751,1062.66936760315,0.0140965663219,0.0149414624338464,0.18131448087653,16.555065363476,12.1349889061598,12.133278530504723,15.117652192664249,0.4792475785719817,319702724124785.1,0.4146269283110054,0.0010122887771472219,3.6743491605695205e-06,3.16,35.8,2023-02-06 03:43:00,0.00014096566321929608,0.879091588686558,0.0,163,272.26657274512536,0.00014096566321929608,51.16783,16.917862,0.879091588686558,0.21382797,3.201669e-05,0.4161271767219117,962.7690726064656,9996.426392769428,-0.6447631385140633,-0.7643824273316956,2.115359723817092,233.89316448370525,0.5632004115967048,0.7248419341018563,0.0,226.7412146932048,,,,,,,,,,,,,,0.0,0 days 00:00:00,,,,,,,,,,,,,,,,,,,,,0.0,,,,,,,,,,,,,,,,,,0.0,0.0,0.00014717125,8.188454e-07,98627.77,0.5988588,-157.04907,0.44533145490250725,0.44533145490250725,1.0,-4.725443399782693e-13,1.7360634e-12,2.7421064e-16,3.562798117381752e-13,-8.98035127158296e-14,-8.98035127158296e-14,7.480000000000001e-16,3.07939675384585e-15,1.2635190889675318e-12,922.8189691676954,3.1819619662058485e-14,5.880272267460945e-14,-8.97714204675924e-13,0.00014717125,8.188454e-07,98627.77,0.5988588,-157.04907,0.0,0.44533145490250725,0.0,-4.725443399782693e-13,1.7360634e-12,2.7421064e-16,0.0,-0.0,0.0,7.480000000000001e-16,1.7447958788378585e-14,1.2635190889675318e-12,922.8189691676954,3.1819619662058485e-14,5.880272267460945e-14,0.0
164,164,164,128.54995801580068,30.74476490146776,9806.94,885974.0,,163.02828765514755,0.6882330809417876,34610D,228.08922,51.330925,16.223997,217.448177245638,64804.94076813544,0.4036878374721292,0.4172121850419233,30.36527239285421,33.3294629733492,0.0,0.0001382998904431,27226.657274512538,0.8468566798272401,0.2530439366071184,0.5368852254405928,cruise,15,GTF2035_wi,0,43031,1.237,3.16,3.16,12.256443539231904,1.836771466086088,0.7182251157254689,16.664603547892522,11.69964952221214,23.15455234201666,1451626708499436.8,13.7603421014445,735.515535790762,1064.54180371587,0.0138299890443,0.0149869800258404,0.182280033607371,16.6647314866746,12.1625593210297,12.160877473007492,15.117768583631912,0.4817512904318529,322103513709095.3,0.4172121850419233,0.0010160777328823507,3.723820859928205e-06,3.16,35.8,2023-02-06 03:44:00,0.0001382998904431021,0.8468566984348107,0.0,164,272.26657274512536,0.0001382998904431021,51.330925,16.223997,0.8468566984348107,0.19592823,2.890124e-05,0.41584550679110954,963.7413780773829,9999.941805778379,-0.6445367761699228,-0.7645733085613718,2.1140730023226433,233.8866289514006,0.5433737749827502,0.7427923690032128,0.0,226.61171631720134,,,,,,,,,,,,,,0.0,0 days 00:00:00,,,,,,,,,,,,,,,,,,,,,0.0,,,,,,,,,,,,,,,,,,0.0,0.0,0.00014554843,8.3073047e-07,98662.62,0.58601,-157.24388,0.44533145490250725,0.44533145490250725,1.0,-4.724064924623235e-13,1.7377208e-12,2.749734e-16,3.5622092793427434e-13,-8.931933719916358e-14,-8.931933719916358e-14,7.48e-16,3.1809654193540714e-15,1.2653143061190147e-12,923.8308240453662,3.2183523282327005e-14,5.91693658523936e-14,-8.931881741223318e-13,0.00014554843,8.3073047e-07,98662.62,0.58601,-157.24388,0.0,0.44533145490250725,0.0,-4.724064924623235e-13,1.7377208e-12,2.749734e-16,0.0,-0.0,0.0,7.48e-16,1.7472059371220245e-14,1.2653143061190147e-12,923.8308240453662,3.2183523282327005e-14,5.91693658523936e-14,0.0
165,165,165,128.47000540461485,30.686778226781453,9806.94,885974.0,,163.0873222634754,0.6889195431296621,34610D,228.29219,51.79463,15.503997,217.40456605571543,64774.57549574258,0.40342987157584015,0.4195060319998084,30.501199077960223,33.498012437239,0.0,0.0001346871494396,27226.657274512538,0.8051961200834672,0.2541766589830018,0.5410424650892631,cruise,15,GTF2035_wi,0,43031,1.237,3.16,3.16,12.280323334091834,1.8403944983697085,0.7177617911009229,16.748959389985778,11.723584272532335,23.318226196468583,1459352156160938.0,13.7996739946482,736.591130953486,1066.39614000875,0.013468714944,0.0150295779519148,0.183141039519309,16.7490062186195,12.1853747394135,12.18373374704558,15.11880946334946,0.4845146895721571,324017539061240.75,0.4195060319998084,0.0010199722648750057,3.7698844195836976e-06,3.16,35.8,2023-02-06 03:45:00,0.00013468714943969923,0.8051962252946162,0.0,165,272.26657274512536,0.00013468714943969923,51.79463,15.503997,0.8051962252946162,0.17058992,2.449272e-05,0.4154757869048823,964.7024118434628,10003.452113100415,-0.6443109028885642,-0.7647636631135943,2.113152261184837,233.88195015086322,0.5176761607149064,0.7647769738016017,0.0,226.4530150235379,,,,,,,,,,,,,,0.0,0 days 00:00:00,,,,,,,,,,,,,,,,,,,,,0.0,,,,,,,,,,,,,,,,,,0.0,0.0,0.00014366591,8.456645e-07,98692.43,0.5728981,-157.74086,0.4453314549025072,0.4453314549025072,1.0,-4.722901705548351e-13,1.7393647e-12,2.7612414e-16,3.559018882069278e-13,-8.808415712493531e-14,-8.808415712493531e-14,7.480000000000001e-16,3.4026275816894528e-15,1.267074506597022e-12,924.838968023863,3.2529693840166594e-14,5.949468106303845e-14,-8.811456477221032e-13,0.00014366591,8.456645e-07,98692.43,0.5728981,-157.74086,0.0,0.4453314549025072,0.0,-4.722901705548351e-13,1.7393647e-12,2.7612414e-16,0.0,-0.0,0.0,7.480000000000001e-16,1.7496092721679104e-14,1.267074506597022e-12,924.838968023863,3.2529693840166594e-14,5.949468106303845e-14,0.0
166,166,166,128.39005279342902,30.62879155209515,9806.94,885974.0,,163.14635687180328,0.6895979428930346,34610D,228.50272,52.316658,14.881075,217.5343273834283,64744.07429666462,0.40331400715571647,0.4205168399724325,30.55975424282425,33.5490585128166,0.0,0.000130740573007,27226.657274512538,0.7624395613177446,0.2546646186902021,0.543998479655407,cruise,15,GTF2035_wi,0,43031,1.237,3.16,3.16,12.285658577451017,1.8412425525754672,0.71785930199467,16.77457900811574,11.735148595420098,23.40066458632512,1463243269181204.2,13.8142312485144,737.403358231349,1067.62641415087,0.0130740573007,0.015055155674667,0.183527696226977,16.7745292564083,12.1903552638645,12.188761698175831,15.11914141811412,0.4866180230471634,324504171828196.2,0.4205168399724325,0.001022777202231231,3.7935459746645294e-06,3.16,35.8,2023-02-06 03:46:00,0.00013074057300707743,0.7624389236409952,0.0,166,272.26657274512536,0.00013074057300707743,52.316658,14.881075,0.7624389236409952,0.1477135,2.0618147e-05,0.4150929900724547,965.6521552431931,10006.957305732281,-0.6440855183883756,-0.7649534920518877,2.112734738323468,233.87982788938695,0.491203737326875,0.7859516986252258,0.0,226.29812827325554,,,,,,,,,,,,,,0.0,0 days 00:00:00,,,,,,,,,,,,,,,,,,,,,0.0,,,,,,,,,,,,,,,,,,0.0,0.0,0.00014187633,8.7157093e-07,98719.11,0.5619442,-158.44127,0.4453314549025072,0.4453314549025072,1.0,-4.721877583543001e-13,1.7406827e-12,2.781211e-16,3.5538686712050213e-13,-8.63433641260391e-14,-8.63433641260391e-14,7.48e-16,3.70161629478129e-15,1.2684948817808777e-12,925.8471120023592,3.2734401192777334e-14,5.963803465836236e-14,-8.640343584425695e-13,0.00014187633,8.7157093e-07,98719.11,0.5619442,-158.44127,0.0,0.4453314549025072,0.0,-4.721877583543001e-13,1.7406827e-12,2.781211e-16,0.0,-0.0,0.0,7.48e-16,1.7516554554947544e-14,1.2684948817808777e-12,925.8471120023592,3.2734401192777334e-14,5.963803465836236e-14,0.0
167,167,167,128.3101001822432,30.57080487740885,9806.94,885974.0,,163.20539148013114,0.6902682670104401,34610D,228.70517,52.83489,14.32936,217.7171927616316,64713.51454242179,0.4032422629040718,0.4213962493119128,30.611156322323104,33.585005358882,0.0,0.0001270468507963,27226.657274512538,0.7234518022472971,0.2550929693526925,0.5467952583931426,cruise,15,GTF2035_wi,0,43031,1.237,3.16,3.16,12.289890435115288,1.84192217339088,0.7181446799588432,16.79255400139182,11.745687163949825,23.47291333355937,1466653428471680.0,13.8270451372526,738.176133935929,1068.75566265694,0.0127046850796,0.0150778287246554,0.183865972421323,16.792502679441,12.1944595458008,12.19291047492292,15.119205935778956,0.4886191932274989,324841793266872.75,0.4213962493119128,0.001025462160952231,3.814442178488709e-06,3.16,35.8,2023-02-06 03:47:00,0.0001270468507963192,0.7234526190159161,0.0,167,272.26657274512536,0.0001270468507963192,52.83489,14.32936,0.7234526190159161,0.12694469,1.7167393e-05,0.4147255494245665,966.5905897703914,10010.457374696647,-0.6438606223862958,-0.7651427964375876,2.112474008497705,233.8785024159954,0.4670167602154428,0.8050089023878736,0.0,226.16214915729645,,,,,,,,,,,,,,0.0,0 days 00:00:00,,,,,,,,,,,,,,,,,,,,,0.0,,,,,,,,,,,,,,,,,,0.0,0.0,0.00014008816,9.031346e-07,98744.64,0.5514171,-159.21942,0.44533145490250714,0.44533145490250714,1.0,-4.720904545800099e-13,1.7418698e-12,2.8055412e-16,3.548329116049224e-13,-8.440937141773319e-14,-8.440937141773319e-14,7.480000000000002e-16,4.030185738136054e-15,1.2697793106495201e-12,926.8552559808561,3.29222722877023e-14,5.976275319441494e-14,-8.449764146021556e-13,0.00014008816,9.031346e-07,98744.64,0.5514171,-159.21942,0.0,0.44533145490250714,0.0,-4.720904545800099e-13,1.7418698e-12,2.8055412e-16,0.0,-0.0,0.0,7.480000000000002e-16,1.753568516497336e-14,1.2697793106495201e-12,926.8552559808561,3.29222722877023e-14,5.976275319441494e-14,0.0
168,168,168,128.23014757105736,30.51281820272255,9806.94,885974.0,,163.264426088459,0.6909305023715203,34610D,228.89781,53.339153,13.862428,217.935307677749,64682.90338609947,0.4031653217323553,0.4231612156883766,30.71839031461405,33.6854899267732,0.0,0.0001233159117535,27226.657274512538,0.68649097007807,0.2559865859551171,0.5505349950547339,cruise,15,GTF2035_wi,0,43031,1.237,3.16,3.16,12.30892894986144,1.844821455683053,0.7185615698311255,16.842761675311525,11.765952849456312,23.59673688562316,1472497931699964.2,13.8587846064626,739.154494268112,1070.27040342497,0.0123315911754,0.0151099601761615,0.184533377205361,16.8427449633866,12.2126977870196,12.21119195275035,15.119959600147403,0.4911708520396264,325926545919717.6,0.4231612156883766,0.0010291305436952612,3.848593659398314e-06,3.16,35.8,2023-02-06 03:48:00,0.00012331591175358827,0.6864915539692109,0.0,168,272.26657274512536,0.00012331591175358827,53.339153,13.862428,0.6864915539692109,0.10937567,1.4333359e-05,0.4143765171212817,967.5176970744775,10013.952311033494,-0.6436362145998715,-0.7653315773281198,2.1121948815245646,233.8770832565282,0.44399852351237723,0.8220742977073678,0.0,226.03667042949598,,,,,,,,,,,,,,0.0,0 days 00:00:00,,,,,,,,,,,,,,,,,,,,,0.0,,,,,,,,,,,,,,,,,,0.0,0.0,0.00013834734,9.3885046e-07,98768.914,0.5420122,-160.08856,0.44533145490250714,0.44533145490250714,1.0,-4.719987223248702e-13,1.74288e-12,2.8330722e-16,3.542431910710383e-13,-8.224925249980727e-14,-8.224925249980727e-14,7.480000000000001e-16,4.392884189777133e-15,1.2708813355840822e-12,927.8633999593521,3.32072243275052e-14,6.001306213789813e-14,-8.236400921512224e-13,0.00013834734,9.3885046e-07,98768.914,0.5420122,-160.08856,0.0,0.44533145490250714,0.0,-4.719987223248702e-13,1.74288e-12,2.8330722e-16,0.0,-0.0,0.0,7.480000000000001e-16,1.7552764589746303e-14,1.2708813355840822e-12,927.8633999593521,3.32072243275052e-14,6.001306213789813e-14,0.0
169,169,169,128.15019495987153,30.454831528036248,9806.94,885974.0,,163.3234606967869,0.6915846359773096,34610D,229.11765,53.973637,13.498037,218.245878391806,64652.18499578486,0.40313959675426064,0.4243877001856553,30.79257014128279,33.7328964839952,0.0,0.0001180491794405,27226.657274512538,0.6404439837039927,0.2566047511773566,0.5539893952280511,cruise,15,GTF2035_wi,0,43031,1.237,3.16,3.16,12.31890891247568,1.8463820997826312,0.7192402838331671,16.866509245760096,11.781351740232456,23.688839423421403,1476845194967114.5,13.8794505245142,740.086908381426,1071.60354849405,0.0118049179441,0.0151363241689944,0.185001322476143,16.8664482419976,12.2223414622094,12.220898795134609,15.120203495941556,0.4937022780985268,326336052201508.94,0.4243877001856553,0.0010325631688256757,3.8744060663585155e-06,3.16,35.8,2023-02-06 03:49:00,0.00011804917944056749,0.640443890001829,0.0,169,272.26657274512536,0.00011804917944056749,53.973637,13.498037,0.640443890001829,0.09401636,1.1975385e-05,0.41397891993257135,968.4334589608715,10017.44210580211,-0.6434122947459141,-0.7655198357781442,2.1120942509974046,233.8765715821413,0.4151144640544026,0.8402258108590643,0.0,225.88559913414636,,,,,,,,,,,,,,0.0,0 days 00:00:00,,,,,,,,,,,,,,,,,,,,,0.0,,,,,,,,,,,,,,,,,,0.0,0.0,0.00013658972,9.446512e-07,98790.63,0.5351314,-161.0123,0.4453314549025072,0.4453314549025072,1.0,-4.719177740129867e-13,1.7436822e-12,2.8375437e-16,3.534816450737448e-13,-7.995339515449362e-14,-7.995339515449362e-14,7.480000000000001e-16,4.7721491335315664e-15,1.2717644606390653e-12,928.8683515342318,3.343777362047671e-14,6.018700315048979e-14,-8.009285071224588e-13,0.00013658972,9.446512e-07,98790.63,0.5351314,-161.0123,0.0,0.4453314549025072,0.0,-4.719177740129867e-13,1.7436822e-12,2.8375437e-16,0.0,-0.0,0.0,7.480000000000001e-16,1.7564692358250547e-14,1.2717644606390653e-12,928.8683515342318,3.343777362047671e-14,6.018700315048979e-14,0.0
170,170,170,128.0702423486857,30.396844853349947,9806.94,885974.0,,163.38249530511476,0.6922306549404214,34610D,229.33215,54.615414,13.186686,218.5938415032001,64621.39242564357,0.4031656189545614,0.4249216646916779,30.824293084708444,33.7237514710102,0.0,0.0001128282129679,27226.657274512538,0.5969390459327912,0.256869109039237,0.55666532583562,cruise,15,GTF2035_wi,0,43031,1.237,3.16,3.16,12.318836774317711,1.8464356038085672,0.7200499849691621,16.861934673295423,11.789670812918509,23.737467819415905,1479140467656673.0,13.8865792706965,740.842267848872,1072.58378090597,0.0112828212968,0.015153746459166,0.185215208438785,16.8618757355051,12.2224038087132,12.22102493230945,15.119963263695984,0.4957530156543254,326147938440600.44,0.4249216646916779,0.001035212657881875,3.888946209404401e-06,3.16,35.8,2023-02-06 03:50:00,0.00011282821296790341,0.596939712179622,0.0,170,272.26657274512536,0.00011282821296790341,54.615414,13.186686,0.596939712179622,0.080132276,9.857936e-06,0.41359171526752303,969.3378573912562,10020.926750083767,-0.643188862541122,-0.7657075728390426,2.112176828157467,233.8769914624568,0.38773501228688056,0.8566600969198733,0.0,225.74819236412594,,,,,,,,,,,,,,0.0,0 days 00:00:00,,,,,,,,,,,,,,,,,,,,,0.0,,,,,,,,,,,,,,,,,,0.0,0.0,0.0001348712,9.423602e-07,98812.05,0.52872753,-161.88133,0.4453314549025072,0.4453314549025072,1.0,-4.71838003413304e-13,1.7444088e-12,2.8357776e-16,3.527058160745822e-13,-7.779352081784116e-14,-7.779352081784116e-14,7.479999999999998e-16,5.1280348794783986e-15,1.2725708035519216e-12,929.8723971480516,3.3587033950433303e-14,6.02627304239055e-14,-7.795631737467028e-13,0.0001348712,9.423602e-07,98812.05,0.52872753,-161.88133,0.0,0.4453314549025072,0.0,-4.71838003413304e-13,1.7444088e-12,2.8357776e-16,0.0,-0.0,0.0,7.479999999999998e-16,1.7574998210332983e-14,1.2725708035519216e-12,929.8723971480516,3.3587033950433303e-14,6.02627304239055e-14,0.0
171,171,171,127.99028973749988,30.33885817866365,9806.94,885974.0,,163.44152991344262,0.6928685464852719,34610D,229.53029,55.20915,12.925756,218.92374959501,64590.56813255887,0.40330300399768365,0.4226245153226079,30.680327667438355,33.5023061905682,0.0,0.0001079196982429,27226.657274512538,0.5579017665131675,0.2556693972286529,0.5560108277321967,cruise,15,GTF2035_wi,0,43031,1.237,3.16,3.16,12.27557038045828,1.840010781217524,0.7208254121942351,16.750920760461916,11.767801147342102,23.613051275964988,1473267975083723.5,13.8363243274663,740.847253326288,1072.14125184549,0.0107919698243,0.0151360109435582,0.184375326631082,16.7511530952841,12.1812363454686,12.179921891973397,15.117709711473326,0.495766550807072,323597872268179.0,0.4226245153226079,0.0010344716201625152,3.858648776432585e-06,3.16,35.8,2023-02-06 03:51:00,0.00010791969824291293,0.5579020117818586,0.0,171,272.26657274512536,0.00010791969824291293,55.20915,12.925756,0.5579020117818586,0.06865766,8.107286e-06,0.41323468586428785,970.2308744838912,10023.108379129526,-0.6432555687741294,-0.765651535126177,2.1126541973508695,233.87941845832836,0.36308673528929114,0.8706936716044534,0.0,225.63021147244623,,,,,,,,,,,,,,0.0,0 days 00:00:00,,,,,,,,,,,,,,,,,,,,,0.0,,,,,,,,,,,,,,,,,,0.0,0.0,0.00013323949,9.394955e-07,98833.91,0.522701,-162.68407,0.44533145490250714,0.44533145490250714,1.0000000000000002,-4.71756263411185e-13,1.7450398e-12,2.8335695e-16,3.51947271588432e-13,-7.579844665014314e-14,-7.579844665014314e-14,7.48e-16,5.456290483577489e-15,1.2732834617791749e-12,930.8764427618717,3.340024211552047e-14,5.993694686266452e-14,-7.597360457440521e-13,0.00013323949,9.394955e-07,98833.91,0.522701,-162.68407,0.0,0.44533145490250714,0.0,-4.71756263411185e-13,1.7450398e-12,2.8335695e-16,0.0,-0.0,0.0,7.48e-16,1.7584041947600394e-14,1.2732834617791749e-12,930.8764427618717,3.340024211552047e-14,5.993694686266452e-14,0.0
172,172,172,127.91037288320892,30.28085292188431,9806.94,885974.0,,163.50056452177049,0.6934985091547481,34610D,229.72607,55.73101,12.709729,219.03865015275173,64559.88780489143,0.403085351352812,0.4267763200675382,30.93461260567265,33.7954329353204,0.0,0.000103128652399,27226.657274512538,0.5210953320359241,0.2577884383806054,0.5624501005370317,cruise,15,GTF2035_wi,0,43031,1.237,3.16,3.16,12.33054684154479,1.848310393552607,0.720896309873948,16.89738479625018,11.812880507893665,23.88674004186236,1486186154615580.5,13.9155929380893,742.406998774919,1074.81869471244,0.0103128652399,0.0151979820233669,0.185925773987588,16.8977164676602,12.2335829652731,12.232321462444968,15.120366988876144,0.5000370259896069,326738474589951.8,0.4267763200675382,0.001040811803076377,3.930497086862208e-06,3.16,35.8,2023-02-06 03:52:00,0.00010312865239900718,0.5210959910151888,0.0,172,272.26657274512536,0.00010312865239900718,55.73101,12.709729,0.5210959910151888,0.06043322,6.835247e-06,0.4128825138761521,971.1127882683905,9994.896570352024,-0.6501868250328906,-0.759774369502979,2.111875134885749,233.87545737143992,0.3397880684867809,0.8840547631195627,0.0,225.51605230946214,,,,,,,,,,,,,,0.0,0 days 00:00:00,,,,,,,,,,,,,,,,,,,,,0.0,,,,,,,,,,,,,,,,,,0.0,0.0,0.00013165006,9.3376553e-07,98857.766,0.5164299,-163.36842,0.4453314549025072,0.4453314549025072,1.0000000000000002,-4.716655873447888e-13,1.7455143e-12,2.8291525e-16,3.5109579305934295e-13,-7.409754191047855e-14,-7.409754191047855e-14,7.480000000000001e-16,5.73534165889847e-15,1.2738487008078563e-12,931.8808101266646,3.395014408684342e-14,6.052575913303433e-14,-7.405972675125574e-13,0.00013165006,9.3376553e-07,98857.766,0.5164299,-163.36842,0.0,0.4453314549025072,0.0,-4.716655873447888e-13,1.7455143e-12,2.8291525e-16,0.0,-0.0,0.0,7.480000000000001e-16,1.7590948364575034e-14,1.2738487008078563e-12,931.8808101266646,3.395014408684342e-14,6.052575913303433e-14,0.0
173,173,173,127.83133973506744,30.22238842193099,9806.94,885974.0,,163.55959913009835,0.6941254907604703,34610D,229.94635,56.31887,12.561662,219.43201384501435,64528.95319228576,0.4030636263762141,0.4289872198019895,31.0711106672012,33.9077843102652,0.0,9.799256589818338e-05,27226.657274512538,0.4826045460279957,0.2589259222266766,0.5671482638373008,cruise,15,GTF2035_wi,0,43031,1.237,3.16,3.16,12.356219719236812,1.852222140210432,0.7218449654177141,16.953876531960756,11.839240223555793,24.0375000458442,1493302065242292.2,13.9571665692085,743.602907413131,1076.62860161774,0.00979925658982,0.0152357059891039,0.186768087926462,16.9538921551326,12.25857784733,12.257376715534464,15.12088038917022,0.5033248202644276,328044632178657.6,0.4289872198019895,0.0010454451966693677,3.972266659332592e-06,3.16,35.8,2023-02-06 03:53:00,9.799256589818337e-05,0.48260472976435687,0.0,173,272.26657274512536,9.799256589818337e-05,56.31887,12.561662,0.48260472976435687,0.05243498,5.642759e-06,0.41248698787560184,971.9905272202818,9998.325560711535,-0.6499641445738611,-0.7599648746938039,2.111788920329947,233.87501894031195,0.31537329351072163,0.8977670335932249,0.0,225.40290885689822,,,,,,,,,,,,,,0.0,0 days 00:00:00,,,,,,,,,,,,,,,,,,,,,0.0,,,,,,,,,,,,,,,,,,0.0,0.0,0.00012996187,9.2481287e-07,98882.23,0.51002216,-163.94763,0.44533145490250714,0.44533145490250714,1.0000000000000002,-4.715719792710186e-13,1.7460623e-12,2.8222516e-16,3.5026123755903413e-13,-7.265798827854537e-14,-7.265798827854537e-14,7.48e-16,5.973320274633625e-15,1.2744902498869492e-12,932.8911687121788,3.4295204226421105e-14,6.0839310702094e-14,-7.264582213952593e-13,0.00012996187,9.2481287e-07,98882.23,0.51002216,-163.94763,0.0,0.44533145490250714,0.0,-4.715719792710186e-13,1.7460623e-12,2.8222516e-16,0.0,-0.0,0.0,7.48e-16,1.7598598399200886e-14,1.2744902498869492e-12,932.8911687121788,3.4295204226421105e-14,6.0839310702094e-14,0.0
174,174,174,127.752306586926,30.16392392197768,9806.94,885974.0,,163.61863373842624,0.6947442142454728,34610D,230.19157,56.971573,12.48022,219.91708455450777,64497.88208161856,0.4031137226784851,0.4303432512806427,31.15488956898403,33.9441586486358,0.0,9.2595730921453e-05,27226.657274512538,0.4432134657394476,0.2596240797415335,0.5711852179506608,cruise,15,GTF2035_wi,0,43031,1.237,3.16,3.16,12.368458492750392,1.8541235074580509,0.7230552142986832,16.972144169827377,11.857125621427167,24.137168647754457,1498006448664623.5,13.9815201269639,744.6734432894,1078.08683860142,0.00925957309215,0.0152631581411691,0.18728886829747,16.9720793243179,12.2706497937867,12.269513689198597,15.120889540059126,0.5063024975088691,328461550510889.9,0.4303432512806427,0.0010493820714585044,4.000555431413566e-06,3.16,35.8,2023-02-06 03:54:00,9.259573092145299e-05,0.44321371252989705,0.0,174,272.26657274512536,9.259573092145299e-05,56.971573,12.48022,0.44321371252989705,0.044763144,4.5694105e-06,0.4120475710057014,972.8567018311938,10001.749402276711,-0.6497419523792262,-0.7601548495658181,2.1119563310359823,233.8758702677447,0.29033301113974164,0.9117046014594763,0.0,225.2911299915067,,,,,,,,,,,,,,0.0,0 days 00:00:00,,,,,,,,,,,,,,,,,,,,,0.0,,,,,,,,,,,,,,,,,,0.0,0.0,0.00012809134,9.0001805e-07,98906.58,0.5032209,-164.39427,0.4453314549025072,0.4453314549025072,1.0,-4.714784726904007e-13,1.7467089e-12,2.8031388e-16,3.494802781155472e-13,-7.154792384026765e-14,-7.154792384026765e-14,7.48e-16,6.1586420441950635e-15,1.2752304592829547e-12,933.8993365133888,3.4553223122305956e-14,6.103162417122178e-14,-7.156044045035366e-13,0.00012809134,9.0001805e-07,98906.58,0.5032209,-164.39427,0.0,0.4453314549025072,0.0,-4.714784726904007e-13,1.7467089e-12,2.8031388e-16,0.0,-0.0,0.0,7.48e-16,1.760630985863789e-14,1.2752304592829547e-12,933.8993365133888,3.4553223122305956e-14,6.103162417122178e-14,0.0
175,175,175,127.67327343878456,30.10545942202436,9806.94,885974.0,,163.6776683467541,0.6953546670423562,34610D,230.44464,57.624527,12.416829,220.41614409083465,64466.72719204957,0.40313681476627,0.4326947830131602,31.300863941245503,34.05431564653,0.0,8.741172086710332e-05,27226.657274512538,0.4062997614932945,0.2608405328437125,0.5764698158933103,cruise,15,GTF2035_wi,0,43031,1.237,3.16,3.16,12.395735363715843,1.8582767719978208,0.7242980128544231,17.027152419745878,11.88556921378917,24.2987904920395,1505635040923054.0,14.0262551035719,746.017740576728,1080.0519829655,0.00874117208671,0.0153028816018163,0.188184362737253,17.027157823265,12.2973154752055,12.296240639650993,15.121301396433172,0.5100533213924426,329709483056137.0,0.4326947830131602,0.0010545887572182956,4.044626251827204e-06,3.16,35.8,2023-02-06 03:55:00,8.741172086710332e-05,0.40630016862743384,0.0,175,272.26657274512536,8.741172086710332e-05,57.624527,12.416829,0.40630016862743384,0.03830943,3.7218535e-06,0.41159506805838003,973.7112945110702,10005.16808607774,-0.6495202481851128,-0.7603442951699904,2.112028597530505,233.87623774341216,0.26681726612271545,0.9248021213975922,0.0,225.18842831891732,,,,,,,,,,,,,,0.0,0 days 00:00:00,,,,,,,,,,,,,,,,,,,,,0.0,,,,,,,,,,,,,,,,,,0.0,0.0,0.00012585096,8.348458e-07,98928.85,0.4943082,-164.70229,0.44533145490250725,0.44533145490250725,1.0,-4.713942196892907e-13,1.7475692e-12,2.752902e-16,3.489531450179023e-13,-7.078237882164333e-14,-7.078237882164333e-14,7.480000000000003e-16,6.2883843563741324e-15,1.2761749823685193e-12,934.9075043145989,3.494027131919991e-14,6.136512028275283e-14,-7.081895976429708e-13,0.00012585096,8.348458e-07,98928.85,0.4943082,-164.70229,0.0,0.44533145490250725,0.0,-4.713942196892907e-13,1.7475692e-12,2.752902e-16,0.0,-0.0,0.0,7.480000000000003e-16,1.7613564967837064e-14,1.2761749823685193e-12,934.9075043145989,3.494027131919991e-14,6.136512028275283e-14,0.0
176,176,176,127.59424029064309,30.04699492207104,9806.94,885974.0,,163.73670295508197,0.6959568366993713,34610D,230.6933,58.2566,12.395235,220.9961051404013,64435.426328108326,0.4032218706550091,0.4345414090947373,31.416404132950856,34.117096785266,0.0,8.248373464085882e-05,27226.657274512538,0.3725199312450277,0.2618033677745904,0.581228996952453,cruise,15,GTF2035_wi,0,43031,1.237,3.16,3.16,12.416177883120035,1.86140254974624,0.7258123491368772,17.05859985236838,11.909171094580476,24.42698447158828,1511685829442942.5,14.0613871140492,747.237551197901,1081.7442907011,0.00824837346409,0.0153354591798821,0.188891265249739,17.058548392633,12.3172878642941,12.31627197218498,15.121608600893492,0.5134851287457166,330482360511333.4,0.4345414090947373,0.0010592129959985728,4.080094621181607e-06,3.16,35.8,2023-02-06 03:56:00,8.248373464085881e-05,0.3725203367337249,0.0,176,272.26657274512536,8.248373464085881e-05,58.2566,12.395235,0.3725203367337249,0.032455266,2.9874225e-06,0.41115141742083056,974.5542878318159,10008.58160316562,-0.6492990317284593,-0.7605332125531963,2.1123206366480263,233.877722651223,0.24523469861185598,0.9363847213371677,0.0,225.09737705038114,,,,,,,,,,,,,,0.0,0 days 00:00:00,,,,,,,,,,,,,,,,,,,,,0.0,,,,,,,,,,,,,,,,,,0.0,0.0,0.00012353066,7.5589526e-07,98951.74,0.48441273,-164.90063,0.4453314549025072,0.4453314549025072,0.9999999999999998,-4.713072395734719e-13,1.748577e-12,2.6920443e-16,3.485993635212846e-13,-7.02894091783304e-14,-7.02894091783304e-14,7.48e-16,6.375405059871529e-15,1.2772696999776287e-12,935.9156721158091,3.527348169600182e-14,6.162701027094293e-14,-7.034972875996182e-13,0.00012353066,7.5589526e-07,98951.74,0.48441273,-164.90063,0.0,0.4453314549025072,0.0,-4.713072395734719e-13,1.748577e-12,2.6920443e-16,0.0,-0.0,0.0,7.48e-16,1.762171052840439e-14,1.2772696999776287e-12,935.9156721158091,3.527348169600182e-14,6.162701027094293e-14,0.0
177,177,177,127.51520714250164,29.988530422117723,9806.94,885974.0,,163.79573756340983,0.6965507108806661,34610D,230.94829,58.88621,12.431613,221.6062113354789,64404.009923975376,0.4032925178665102,0.4373513699905709,31.59253674335107,34.2491790472578,0.0,7.76798690045722e-05,27226.657274512538,0.340646537381427,0.2632711395279256,0.5872197594702244,cruise,15,GTF2035_wi,0,43031,1.237,3.16,3.16,12.451268331791043,1.8667230368757024,0.7274141682271228,17.124545389096838,11.943103442086368,24.614762297845587,1520548990719366.0,14.1164042881975,748.722056049778,1083.91230043785,0.00776798690046,0.0153793387314213,0.18995870338229,17.1245895236289,12.3515520855385,12.35059269311597,15.122208915036522,0.5176720023784359,332033960339813.3,0.4373513699905709,0.001065096560069324,4.1304851851694375e-06,3.16,35.8,2023-02-06 03:57:00,7.76798690045722e-05,0.34064674491167746,0.0,177,272.26657274512536,7.76798690045722e-05,58.88621,12.431613,0.34064674491167746,0.027207904,2.3603009e-06,0.41069746515329864,975.3856645276433,10011.989944616913,-0.649078302744708,-0.7607216027602011,2.1125619719839968,233.87894961254378,0.22481665659567446,0.9470721672571453,0.0,225.01288278728362,,,,,,,,,,,,,,0.0,0 days 00:00:00,,,,,,,,,,,,,,,,,,,,,0.0,,,,,,,,,,,,,,,,,,0.0,0.0,0.00012127299,6.65997e-07,98974.62,0.47386578,-165.01137,0.44533145490250714,0.44533145490250714,1.0,-4.712201515919215e-13,1.7498148e-12,2.6227478e-16,3.485015465193696e-13,-7.00142082612074e-14,-7.00142082612074e-14,7.480000000000002e-16,6.429731881481115e-15,1.2785946485850522e-12,936.9230217271628,3.5735808001220366e-14,6.202552117315877e-14,-7.009815490915229e-13,0.00012127299,6.65997e-07,98974.62,0.47386578,-165.01137,0.0,0.44533145490250714,0.0,-4.712201515919215e-13,1.7498148e-12,2.6227478e-16,0.0,-0.0,0.0,7.480000000000002e-16,1.7632005203274295e-14,1.2785946485850522e-12,936.9230217271628,3.5735808001220366e-14,6.202552117315877e-14,0.0
178,178,178,127.4361739943602,29.93006592216441,9806.94,885974.0,,163.8547721717377,0.6971362773664398,34610D,231.21733,59.590096,12.554814,222.3076158621087,64372.41738723202,0.4034625370929931,0.4381488208413108,31.64321942985597,34.2177902725564,0.0,7.302517575217632e-05,27226.657274512538,0.3104615349094546,0.2636934952487997,0.5910928731573785,cruise,15,GTF2035_wi,0,43031,1.237,3.16,3.16,12.455698160033448,1.8674451444577649,0.7292918325842509,17.10898705135892,11.956267891702762,24.67864279272584,1523564166365108.5,14.1303413329879,749.753500354074,1085.15187877521,0.00730251757522,0.0153995309323252,0.19027425466153,17.1088951362782,12.355847427932,12.354945205886931,15.122263477239834,0.5206286627931092,331899652017694.4,0.4381488208413108,0.0010685907554952613,4.150463771204416e-06,3.16,35.8,2023-02-06 03:58:00,7.302517575217632e-05,0.31046197828725913,0.0,178,272.26657274512536,7.302517575217632e-05,59.590096,12.554814,0.31046197828725913,0.023634246,1.9692252e-06,0.4102195855496164,976.2054074952897,10015.393101536418,-0.6488580609694792,-0.7609094668322425,2.1131555899857175,233.8819670696098,0.2054401694610343,0.9570347583881946,0.0,224.9359484532056,,,,,,,,,,,,,,0.0,0 days 00:00:00,,,,,,,,,,,,,,,,,,,,,0.0,,,,,,,,,,,,,,,,,,0.0,0.0,0.00012082864,6.1290075e-07,98985.6,0.46846303,-165.13327,0.44533145490250725,0.44533145490250725,1.0000000000000002,-4.711859259297654e-13,1.7515898e-12,2.5818194e-16,3.491891575209552e-13,-6.971123396362327e-14,-6.971123396362327e-14,7.480000000000001e-16,6.497634865282336e-15,1.2804038743028292e-12,937.9270189249463,3.596924234426729e-14,6.213861629077139e-14,-6.981854117388637e-13,0.00012082864,6.1290075e-07,98985.6,0.46846303,-165.13327,0.0,0.44533145490250725,0.0,-4.711859259297654e-13,1.7515898e-12,2.5818194e-16,0.0,-0.0,0.0,7.480000000000001e-16,1.7651432299462057e-14,1.2804038743028292e-12,937.9270189249463,3.596924234426729e-14,6.213861629077139e-14,0.0
179,179,179,127.35714084621873,29.87160142221109,9806.94,885974.0,,163.91380678006558,0.6977135240531852,34610D,231.4681,60.262848,12.704254,222.94036391464863,64340.77416780217,0.4035935775430245,0.4395215058907921,31.72972154806278,34.2386876267034,0.0,6.888895121276659e-05,27226.657274512538,0.284555950151824,0.2644143462338565,0.5954472601289549,cruise,15,GTF2035_wi,0,43031,1.237,3.16,3.16,12.469290618798103,1.8695345964666192,0.7309713215996524,17.119419244193985,11.975004650433716,24.7780451495878,1528255982953276.0,14.1561279455477,750.870113135556,1086.60762505189,0.00688889512128,0.0154258115104015,0.190802959079712,17.1193438133517,12.3690710826497,12.368219049011044,15.122521865869045,0.5238325273436816,332334556211181.94,0.4395215058907921,0.0010725847830653098,4.1790290320834425e-06,3.16,35.8,2023-02-06 03:59:00,6.888895121276659e-05,0.2845558720810752,0.0,179,272.26657274512536,6.888895121276659e-05,60.262848,12.704254,0.2845558720810752,0.020588292,1.6660534e-06,0.4097751581513344,977.0134997943582,10018.79106502885,-0.6486383061386005,-0.7610968058070189,2.1136123452691145,233.88428832073308,0.18876397222125993,0.9652479922394676,0.0,224.8706457078673,,,,,,,,,,,,,,0.0,0 days 00:00:00,,,,,,,,,,,,,,,,,,,,,0.0,,,,,,,,,,,,,,,,,,0.0,0.0,0.00012058994,5.8364475e-07,98994.414,0.4638141,-165.25452,0.4453314549025072,0.4453314549025072,1.0000000000000002,-4.711615270354489e-13,1.7533748e-12,2.5592677e-16,3.4994699432973286e-13,-6.94098798463346e-14,-6.94098798463346e-14,7.480000000000001e-16,6.567118703980729e-15,1.2822132843498261e-12,938.93101612273,3.62679730030955e-14,6.233329158263685e-14,-6.954030840291832e-13,0.00012058994,5.8364475e-07,98994.414,0.4638141,-165.25452,0.0,0.4453314549025072,0.0,-4.711615270354489e-13,1.7533748e-12,2.5592677e-16,0.0,-0.0,0.0,7.480000000000001e-16,1.767269947939427e-14,1.2822132843498261e-12,938.93101612273,3.62679730030955e-14,6.233329158263685e-14,0.0
180,180,180,127.27810769807728,29.81313692225777,9806.94,885974.0,,163.97284138839345,0.6982824389539226,34610D,231.7053,60.8977,12.8823,223.55690886530545,64309.044446254105,0.4037859742479215,0.4389227396807636,31.69291877998452,34.1140006613266,0.0,6.519710398034848e-05,27226.657274512538,0.2620779563592643,0.2641076564998709,0.5973637981526653,cruise,15,GTF2035_wi,0,43031,1.237,3.16,3.16,12.453544134584932,1.8672196851758736,0.7326175075925192,17.056990852927974,11.972781903767157,24.75523296665216,1527179242102368.8,14.1418212724725,751.455241426614,1087.0749022634,0.00651971039803,0.0154281514005406,0.190593614308454,17.0570003306633,12.3536261318887,12.352820763748912,15.1222549816123,0.5255115927071938,331064095901916.4,0.4389227396807636,0.001074136018710272,4.174979622409533e-06,3.16,35.8,2023-02-06 04:00:00,6.519710398034847e-05,0.2620780738614475,0.0,180,272.26657274512536,6.519710398034847e-05,60.8977,12.8823,0.2620780738614475,0.017802635,1.413088e-06,0.4093556655134298,977.8099246476396,10022.183826232704,-0.6484190379872825,-0.761283620719405,2.114287670074858,233.88771953912746,0.17426046417521182,0.9720629962029854,0.0,224.8159860047854,,,,,,,,,,,,,,0.0,0 days 00:00:00,,,,,,,,,,,,,,,,,,,,,0.0,,,,,,,,,,,,,,,,,,0.0,0.0,0.00012023939,5.731375e-07,99003.25,0.45890188,-165.3844,0.4453314549025072,0.4453314549025072,1.0,-4.711370953437077e-13,1.7551284e-12,2.5511685e-16,3.5067973697782707e-13,-6.908708578194354e-14,-6.908708578194354e-14,7.48e-16,6.641069448846832e-15,1.2839912556987552e-12,939.9350133205137,3.6321240909641506e-14,6.224837407971765e-14,-6.924034737253459e-13,0.00012023939,5.731375e-07,99003.25,0.45890188,-165.3844,0.0,0.4453314549025072,0.0,-4.711370953437077e-13,1.7551284e-12,2.5511685e-16,0.0,-0.0,0.0,7.48e-16,1.76950031739578e-14,1.2839912556987552e-12,939.9350133205137,3.6321240909641506e-14,6.224837407971765e-14,0.0
181,181,181,127.19907454993584,29.75467242230445,9806.94,885974.0,,164.0318759967213,0.698843010198419,34610D,231.8645,61.411205,13.063395,224.02132955030484,64277.35152747412,0.4039579849368389,0.4373734935313017,31.59743915301114,33.9375686280976,0.0,6.229343216667019e-05,27226.657274512538,0.2458824260306232,0.2633119929417595,0.5973430171575135,cruise,15,GTF2035_wi,0,43031,1.237,3.16,3.16,12.426250994208807,1.8631635753079272,0.7338874191533931,16.969541479351584,11.95969534423339,24.66818302412052,1523070462620044.8,14.109293977481,751.572831217469,1086.82635560086,0.00622934321667,0.0154154518167062,0.190023329762942,16.9687843140488,12.3268089720865,12.326041140678822,15.121898308161551,0.5258503304890485,329158996789036.3,0.4373734935313017,0.0010738640625132093,4.1533349497047155e-06,3.16,35.8,2023-02-06 04:01:00,6.229343216667019e-05,0.24588269169039545,0.0,181,272.26657274512536,6.229343216667019e-05,61.411205,13.063395,0.24588269169039545,0.015831418,1.2546947e-06,0.40907459867504037,978.594665441422,10017.653505922237,-0.6499671910166108,-0.7599622691962914,2.1148925319421066,233.89079192349718,0.16374895739922662,0.9761426795064806,0.0,224.77738217422416,,,,,,,,,,,,,,0.0,0 days 00:00:00,,,,,,,,,,,,,,,,,,,,,0.0,,,,,,,,,,,,,,,,,,0.0,0.0,0.000120261626,5.6980736e-07,99007.44,0.45769632,-165.72821,0.43790926398746544,0.43790926398746544,1.0,-4.711337135888735e-13,1.7562445e-12,2.5486014e-16,3.4518146404919936e-13,-6.732402127026839e-14,-6.732402127026839e-14,7.48e-16,6.937456271828208e-15,1.2851107322824026e-12,940.9390105182969,3.621542358794731e-14,6.202865875140404e-14,-6.744287177108873e-13,0.000120261626,5.6980736e-07,99007.44,0.45769632,-165.72821,0.0,0.43790926398746544,0.0,-4.711337135888735e-13,1.7562445e-12,2.5486014e-16,0.0,-0.0,0.0,7.48e-16,1.770929967507115e-14,1.2851107322824026e-12,940.9390105182969,3.621542358794731e-14,6.202865875140404e-14,0.0
182,182,182,127.1202602633524,29.69609502799588,9806.94,885974.0,,164.09091060504915,0.6993963965918295,34610D,232.00221,61.81539,13.270237,224.297226433334,64245.75408832111,0.4039641018802465,0.4396053354841044,31.73636050906962,34.0693041743766,0.0,5.957944566173104e-05,27226.657274512538,0.2314954308217013,0.2644696709089135,0.6014455818090987,cruise,15,GTF2035_wi,0,43031,1.237,3.16,3.16,12.45543182161469,1.8675726855187944,0.7345731363517553,17.034642058116614,11.985158253870548,24.81633265504046,1530063162972677.5,14.1530092585918,752.540771667138,1088.34612948187,0.00595794456617,0.0154482387130417,0.190867050885103,17.0346520871883,12.3552629157633,12.354526839902766,15.122463090573795,0.5286386507888309,330648977633203.5,0.4396053354841044,0.0010778683986872508,4.19166355332611e-06,3.16,35.8,2023-02-06 04:02:00,5.957944566173103e-05,0.2314956643083866,0.0,182,272.26657274512536,5.957944566173103e-05,61.81539,13.270237,0.2314956643083866,0.014770167,1.1513656e-06,0.4088317834752044,979.3693448664075,9996.845615915896,-0.65520627997451,-0.7554500186524349,2.114909285830913,233.8908770134926,0.15437742458264078,0.9794353115015713,0.0,224.74087085462295,,,,,,,,,,,,,,0.0,0 days 00:00:00,,,,,,,,,,,,,,,,,,,,,0.0,,,,,,,,,,,,,,,,,,0.0,0.0,0.00012047703,5.763354e-07,99011.84,0.4582378,-166.30344,0.38583608510137557,0.38583608510137557,1.0000000000000002,-4.711288064844631e-13,1.7571368e-12,2.5536336e-16,3.041180291102627e-13,-5.860725889186705e-14,-5.860725889186705e-14,7.479999999999999e-16,8.344305366141085e-15,1.2860079559323109e-12,941.9410834540085,3.656146588457624e-14,6.234518036262406e-14,-5.85887719114009e-13,0.00012047703,5.763354e-07,99011.84,0.4582378,-166.30344,0.0,0.38583608510137557,0.0,-4.711288064844631e-13,1.7571368e-12,2.5536336e-16,0.0,-0.0,0.0,7.479999999999999e-16,1.772146678883981e-14,1.2860079559323109e-12,941.9410834540085,3.656146588457624e-14,6.234518036262406e-14,0.0
183,183,183,127.04212245794317,29.63716868750103,9806.94,885974.0,,164.14994521337704,0.6999449765384489,34610D,232.1287,62.169086,13.462931,224.68495141446093,64214.01772781204,0.40409269717761853,0.4388754883718103,31.69186170284799,33.9648562222294,0.0,5.727935690517167e-05,27226.657274512538,0.2193662195144354,0.2640988475237332,0.6020367087664966,cruise,15,GTF2035_wi,0,43031,1.237,3.16,3.16,12.441396273916329,1.865496805909877,0.7356424357630035,16.98298428250098,11.980160189459385,24.777368007001765,1528224021650566.5,14.1375751778744,752.763206721454,1088.38707528668,0.00572793569052,0.015443842465957,0.190600988697991,16.9824281111147,12.3415522476439,12.340845371957329,15.122170526802885,0.5292794135315645,329550574182469.7,0.4388754883718103,0.001078296054581563,4.182173672960898e-06,3.16,35.8,2023-02-06 04:03:00,5.727935690517167e-05,0.21936614529717122,0.0,183,272.26657274512536,5.727935690517167e-05,62.169086,13.462931,0.21936614529717122,0.013505709,1.0468325e-06,0.408609005627003,980.1372934240069,10000.183361793243,-0.6549879042794198,-0.7556393618967011,2.115361481391014,233.89317340839176,0.1464713973210818,0.982171503039353,0.0,224.7123382325626,,,,,,,,,,,,,,0.0,0 days 00:00:00,,,,,,,,,,,,,,,,,,,,,0.0,,,,,,,,,,,,,,,,,,0.0,0.0,0.00012047047,5.679757e-07,99020.3,0.45799002,-166.90094,0.3908934566431738,0.3908934566431738,0.9999999999999998,-4.71105799077527e-13,1.7579618e-12,2.5471895e-16,3.084381764151552e-13,-5.805083022706979e-14,-5.805083022706979e-14,7.480000000000001e-16,8.44371509304078e-15,1.286856074345026e-12,942.9487889167253,3.653932911526162e-14,6.224167286128085e-14,-5.805189465750275e-13,0.00012047047,5.679757e-07,99020.3,0.45799002,-166.90094,0.0,0.3908934566431738,0.0,-4.71105799077527e-13,1.7579618e-12,2.5471895e-16,0.0,-0.0,0.0,7.480000000000001e-16,1.7731847929371944e-14,1.286856074345026e-12,942.9487889167253,3.653932911526162e-14,6.224167286128085e-14,0.0
184,184,184,126.96398465253392,29.57824234700618,9806.94,885974.0,,164.20897982170493,0.7004850853608717,34610D,232.22266,62.414856,13.607698,224.95590786360148,64182.32586610919,0.40420597215574383,0.4382779036185705,31.655371664029165,33.8872508213124,0.0,5.526366218469671e-05,27226.657274512538,0.2093891600711412,0.2637947638669097,0.6023999480295975,cruise,15,GTF2035_wi,0,43031,1.237,3.16,3.16,12.430072320038477,1.8638239166881447,0.7363805815152799,16.943603913797247,11.975844805345934,24.74576806257288,1526732496216592.0,14.1254411009716,752.92166849445,1088.40039930026,0.00552636621847,0.0154398730245518,0.190388338393023,16.9436254106562,12.3309523394575,12.330270923530536,15.121365492926603,0.5297358901449093,328689542950989.75,0.4382779036185705,0.0010786575703683838,4.174389151060895e-06,3.16,35.8,2023-02-06 04:04:00,5.526366218469671e-05,0.20938924087507832,0.0,184,272.26657274512536,5.526366218469671e-05,62.414856,13.607698,0.20938924087507832,0.012212122,9.721792e-07,0.40844367765182304,980.8933794496858,10003.515908416652,-0.6547700156972777,-0.7558281726317079,2.1157599848460276,233.8951967775027,0.13993953865679157,0.9840563194464128,0.0,224.68904116049606,,,,,,,,,,,,,,0.0,0 days 00:00:00,,,,,,,,,,,,,,,,,,,,,0.0,,,,,,,,,,,,,,,,,,0.0,0.0,0.00012006733,5.4382724e-07,99035.41,0.45639527,-167.58162,0.4156426912423401,0.4156426912423401,1.0000000000000002,-4.710528563623581e-13,1.7585797e-12,2.5285752e-16,3.282287853412453e-13,-6.0140651683054e-14,-6.0140651683054e-14,7.48e-16,8.116202642851391e-15,1.2875268764648303e-12,943.9564943794421,3.652083725553741e-14,6.215692291350857e-14,-6.016179658539754e-13,0.00012006733,5.4382724e-07,99035.41,0.45639527,-167.58162,0.0,0.4156426912423401,0.0,-4.710528563623581e-13,1.7585797e-12,2.5285752e-16,0.0,-0.0,0.0,7.48e-16,1.773870691214003e-14,1.2875268764648303e-12,943.9564943794421,3.652083725553741e-14,6.215692291350857e-14,0.0
185,185,185,126.88584684712468,29.51931600651133,9806.94,885974.0,,164.2680144300328,0.7010167114415029,34610D,232.2951,62.57358,13.697309,225.14230812816336,64150.67049444516,0.40423487047085466,0.4389687208934208,31.69872650272116,33.9149885119592,0.0,5.323215291476991e-05,27226.657274512538,0.2000324986195925,0.264156054189343,0.6040286930664945,cruise,15,GTF2035_wi,0,43031,1.237,3.16,3.16,12.438538203945992,1.86511860042419,0.7368758438400375,16.957515034963095,11.984577688692209,24.79287634556905,1528956019185051.0,14.1388547162609,753.317429430965,1088.95765534118,0.00532321529148,0.0154508912075224,0.190649677505713,16.9574942559796,12.3390731929362,12.33841639246807,15.12167640922926,0.5308759481448854,329028453374585.2,0.4389687208934208,0.0010802095617802854,4.186518743498881e-06,3.16,35.8,2023-02-06 04:05:00,5.3232152914769905e-05,0.20003273988567255,0.0,185,272.26657274512536,5.3232152914769905e-05,62.57358,13.697309,0.20003273988567255,0.011114704,9.3310985e-07,0.40831630664826285,981.6375866836556,10006.843246893503,-0.6545526139822611,-0.7560164518904261,2.1158589049650915,233.89569898418682,0.13378202396277147,0.9854489269419812,0.0,224.66592884218534,,,,,,,,,,,,,,0.0,0 days 00:00:00,,,,,,,,,,,,,,,,,,,,,0.0,,,,,,,,,,,,,,,,,,0.0,0.0,0.00011923598,5.1610806e-07,99057.36,0.45300928,-168.34187,0.40822050032729823,0.40822050032729823,1.0,-4.709690432473266e-13,1.7591631e-12,2.5072083e-16,3.222950630649945e-13,-5.744059540984857e-14,-5.744059540984857e-14,7.48e-16,8.554748110787732e-15,1.2881940421227678e-12,944.9641998421588,3.665001267310702e-14,6.225489517208166e-14,-5.747990342745852e-13,0.00011923598,5.1610806e-07,99057.36,0.45300928,-168.34187,0.0,0.40822050032729823,0.0,-4.709690432473266e-13,1.7591631e-12,2.5072083e-16,0.0,-0.0,0.0,7.48e-16,1.7745243376363504e-14,1.2881940421227678e-12,944.9641998421588,3.665001267310702e-14,6.225489517208166e-14,0.0
186,186,186,126.80770904171544,29.46038966601648,9806.94,885974.0,,164.32704903836066,0.7015398432832396,34610D,232.40923,62.690323,13.787533,225.3507257251044,64118.97176794244,0.40426147157540204,0.4391745807229785,31.71088624321245,33.9017428754952,0.0,5.144227031783688e-05,27226.657274512538,0.1908089848281882,0.2642573853601037,0.6054785704168806,cruise,15,GTF2035_wi,0,43031,1.237,3.16,3.16,12.437485919646246,1.864983075434184,0.7373768001491692,16.950894853634246,11.98809848953637,24.815446299793663,1530021326779037.8,14.1412304973701,753.704456300008,1089.43494463175,0.00514422703178,0.0154588719105082,0.190733812862337,16.9508714377476,12.3381456270871,12.337510957513372,15.12150831259667,0.5319908461490785,328873174837752.3,0.4391745807229785,0.001081539358885501,4.19214962911388e-06,3.16,35.8,2023-02-06 04:06:00,5.144227031783688e-05,0.19080920585478675,0.0,186,272.26657274512536,5.144227031783688e-05,62.690323,13.787533,0.19080920585478675,0.0103832325,8.960442e-07,0.4081157933550612,982.3698990348738,10010.165368344327,-0.6543356988887845,-0.7562042007022481,2.1159501163719407,233.89616203617183,0.12775720093292348,0.9875057043725122,0.0,224.64341151374583,,,,,,,,,,,,,,0.0,0 days 00:00:00,,,,,,,,,,,,,,,,,,,,,0.0,,,,,,,,,,,,,,,,,,0.0,0.0,0.00011722981,4.9229294e-07,99082.93,0.44400713,-169.15768,0.3372952898288555,0.3372952898288555,0.9999999999999998,-4.708683454585899e-13,1.7604976e-12,2.488851e-16,2.659501985058389e-13,-4.67003893099382e-14,-4.67003893099382e-14,7.480000000000001e-16,1.0290002240757356e-14,1.2896291882289577e-12,945.9690538290005,3.6753239819561187e-14,6.22840903777974e-14,-4.67478619758541e-13,0.00011722981,4.9229294e-07,99082.93,0.44400713,-169.15768,0.0,0.3372952898288555,0.0,-4.708683454585899e-13,1.7604976e-12,2.488851e-16,0.0,-0.0,0.0,7.480000000000001e-16,1.7762064530347472e-14,1.2896291882289577e-12,945.9690538290005,3.6753239819561187e-14,6.22840903777974e-14,0.0
187,187,187,126.72957123630616,29.40146332552163,9806.94,885974.0,,164.38608364668852,0.7020544695097357,34610D,232.56871,62.78835,13.874837,225.5417571620347,64087.26088169923,0.4042579539268024,0.4390540669373878,31.70124946150333,33.8634387130302,0.0,4.989617210706677e-05,27226.657274512538,0.1817455081525703,0.2641770788458611,0.6069411083901158,cruise,15,GTF2035_wi,0,43031,1.237,3.16,3.16,12.428748729353025,1.8636921624172784,0.7377488242505724,16.93174017410281,11.987790104285546,24.825099236447,1530476947850252.2,14.1352222230664,754.122206618253,1089.92559168843,0.00498961721071,0.0154663951539691,0.190698799367562,16.9317193565151,12.3298801995644,12.329265016435183,15.120993368715238,0.5331976067819285,328331589151975.3,0.4390540669373878,0.0010828621092427067,4.193419022435551e-06,3.16,35.8,2023-02-06 04:07:00,4.9896172107066776e-05,0.18174548431276785,0.0,187,272.26657274512536,4.9896172107066776e-05,62.78835,13.874837,0.18174548431276785,0.009317303,8.0235844e-07,0.4078359349565506,983.0903005814075,10013.482263907417,-0.6541192701708062,-0.7563914200935993,2.115934800764846,233.8960842848248,0.1218803222104843,0.9901032535325733,0.0,224.62107995658806,,,,,,,,,,,,,,0.0,0 days 00:00:00,,,,,,,,,,,,,,,,,,,,,0.0,,,,,,,,,,,,,,,,,,0.0,0.0,0.0001139041,4.6302964e-07,99112.74,0.42917317,-169.9653,0.23832822035351398,0.23832822035351398,1.0000000000000002,-4.707481800100808e-13,1.7626126e-12,2.4662937e-16,1.8766366717460186e-13,-3.2637425875864573e-14,-3.2637425875864573e-14,7.48e-16,1.2566878721830947e-14,1.2918644224848907e-12,946.9725172916776,3.685185470954458e-14,6.22669990163139e-14,-3.268142851475629e-13,0.0001139041,4.6302964e-07,99112.74,0.42917317,-169.9653,0.0,0.23832822035351398,0.0,-4.707481800100808e-13,1.7626126e-12,2.4662937e-16,0.0,-0.0,0.0,7.48e-16,1.778886686196928e-14,1.2918644224848907e-12,946.9725172916776,3.685185470954458e-14,6.22669990163139e-14,0.0
188,188,188,126.65143343089692,29.34253698502678,9806.94,885974.0,,164.44511825501638,0.7025605788655567,34610D,232.77753,62.884758,13.956134,225.6946902682393,64055.55963223773,0.40418754214863556,0.4393572757797919,31.716147554442514,33.8579643364578,0.0,4.814817890717623e-05,27226.657274512538,0.1712658095876545,0.2643012296203543,0.6093311299448383,cruise,15,GTF2035_wi,0,43031,1.237,3.16,3.16,12.42323192519426,1.8628866327858,0.737917888192025,16.929026222201387,11.991465008697231,24.86921248905209,1532559104620619.5,14.1355016143383,754.758395289967,1090.80149191864,0.00481481789072,0.0154829559734008,0.190822139392214,16.9289821682289,12.3246581415099,12.32406476023496,15.120660677420943,0.5350434305263956,327961322138551.94,0.4393572757797919,0.001085142662243062,4.2010839414453525e-06,3.16,35.8,2023-02-06 04:08:00,4.814817890717623e-05,0.17126592595834855,0.0,188,272.26657274512536,4.814817890717623e-05,62.884758,13.956134,0.17126592595834855,0.0077475053,6.4698503e-07,0.4074700736127275,983.7987755706544,10016.793924755084,-0.6539033275815572,-0.7565781110881855,2.1156815545955627,233.89479858088876,0.11508971467955934,0.9930253015336848,0.0,224.59432684332793,,,,,,,,,,,,,,0.0,0 days 00:00:00,,,,,,,,,,,,,,,,,,,,,0.0,,,,,,,,,,,,,,,,,,0.0,0.0,0.00010932795,4.3293034e-07,99147.93,0.40719265,-170.81279,0.14286005127079265,0.14286005127079265,1.0,-4.706036813470424e-13,1.7656675e-12,2.443092e-16,1.1250125518110346e-13,-1.930676326322646e-14,-1.930676326322646e-14,7.479999999999999e-16,1.4739056087329655e-14,1.2950637689042311e-12,947.9759807543546,3.704648983637454e-14,6.23100003369107e-14,-1.9339186896177148e-13,0.00010932795,4.3293034e-07,99147.93,0.40719265,-170.81279,0.0,0.14286005127079265,0.0,-4.706036813470424e-13,1.7656675e-12,2.443092e-16,0.0,-0.0,0.0,7.479999999999999e-16,1.7828138209445892e-14,1.2950637689042311e-12,947.9759807543546,3.704648983637454e-14,6.23100003369107e-14,0.0
189,189,189,126.57329562548767,29.28361064453193,9806.94,885974.0,,164.50415286334427,0.7030581602164799,34610D,232.99716,63.024616,14.040298,225.8451667168715,64023.84348468328,0.40410422319894634,0.4398050513916939,31.73966805542946,33.8629071971468,0.0,4.641648016190792e-05,27226.657274512538,0.1610437113717454,0.2644972337952455,0.6119982459997655,cruise,15,GTF2035_wi,0,43031,1.237,3.16,3.16,12.419238141159694,1.8623092638531489,0.7380617681500397,16.931502151201933,11.996576366958662,24.924028233976948,1535146421757258.2,14.1382391244599,755.455844344319,1091.78615580417,0.00464164801619,0.0155020865777845,0.190999617308979,16.9314535985734,12.3208973418258,12.32032547568277,15.1203889351222,0.537066993790436,327682507766469.4,0.4398050513916939,0.0010876918331772295,4.2109605404422135e-06,3.16,35.8,2023-02-06 04:09:00,4.641648016190791e-05,0.1610439461350876,0.0,189,272.26657274512536,4.641648016190791e-05,63.024616,14.040298,0.1610439461350876,0.0061698304,4.886107e-07,0.4070859802947336,984.4953084197562,10020.100342067608,-0.6536878708744461,-0.7567642747062214,2.115382577581981,233.89328053105052,0.10845560684381504,0.9955144539555086,0.0,224.56809607503783,,,,,,,,,,,,,,0.0,0 days 00:00:00,,,,,,,,,,,,,,,,,,,,,0.0,,,,,,,,,,,,,,,,,,0.0,0.0,0.000104645034,4.0280275e-07,99182.51,0.38378137,-171.63977,0.05089078258069159,0.05089078258069159,1.0,-4.70461868356699e-13,1.76898e-12,2.4198688e-16,4.00799830482627e-14,-6.786082121741468e-15,-6.786082121741468e-15,7.48e-16,1.6784950327149886e-14,1.2985181992532376e-12,948.979444217032,3.727051313048242e-14,6.237350423241115e-14,-6.799722378936055e-14,0.000104645034,4.0280275e-07,99182.51,0.38378137,-171.63977,0.0,0.05089078258069159,0.0,-4.70461868356699e-13,1.76898e-12,2.4198688e-16,0.0,-0.0,0.0,7.48e-16,1.787072346662852e-14,1.2985181992532376e-12,948.979444217032,3.727051313048242e-14,6.237350423241115e-14,0.0
190,190,190,126.49515782007845,29.22468430403708,9806.94,885974.0,,164.56318747167214,0.7035472025495713,34610D,233.2493,63.165657,14.1372795,226.00342524461416,63992.10381662785,0.40403012614525763,0.439351611565645,31.706305283877537,33.7981080794656,0.0,4.488027022976471e-05,27226.657274512538,0.1513324237195739,0.2642192106989794,0.6138940534921613,cruise,15,GTF2035_wi,0,43031,1.237,3.16,3.16,12.399887352386706,1.859426592562812,0.7381796436046688,16.899075790124602,11.992079811384956,24.927962697393507,1535332129433676.2,14.1218231137579,756.016933435227,1092.46206076916,0.00448802702298,0.0155126952584604,0.190845085585055,16.8990540397328,12.3025098092461,12.301957694060436,15.11937168054562,0.538694925271783,326623892162173.7,0.439351611565645,0.0010894231503627342,4.208045101334008e-06,3.16,35.8,2023-02-06 04:10:00,4.488027022976471e-05,0.1513325596854655,0.0,190,272.26657274512536,4.488027022976471e-05,63.165657,14.1372795,0.1513325596854655,0.004906462,3.6522658e-07,0.4066459247015485,985.1798837157152,10023.401507059254,-0.6534728998021435,-0.7569499119652354,2.1151167690997577,233.8919307343731,0.10216958474791824,0.9976632619494697,0.0,224.5434526810128,,,,,,,,,,,,,,0.0,0 days 00:00:00,,,,,,,,,,,,,,,,,,,,,0.0,,,,,,,,,,,,,,,,,,0.0,0.0,9.915317e-05,3.7034175e-07,99215.95,0.3554598,-172.44424,0.0,0.0,1.0,-4.703247384736938e-13,1.7732241e-12,2.3948467e-16,0.0,-0.0,0.0,7.48e-16,1.7925176696644634e-14,1.3028993865424909e-12,949.9810770412199,3.7417171420135426e-14,6.230919703352904e-14,0.0,9.915317e-05,3.7034175e-07,99215.95,0.3554598,-172.44424,0.0,0.0,0.0,-4.703247384736938e-13,1.7732241e-12,2.3948467e-16,0.0,-0.0,0.0,7.48e-16,1.7925176696644634e-14,1.3028993865424909e-12,949.9810770412199,3.7417171420135426e-14,6.230919703352904e-14,0.0
191,191,191,126.4170200146692,29.165757963542227,9806.94,885974.0,,164.62222208,0.7040276949734782,34610D,233.57835,63.312077,14.294156,226.1042055621732,63960.39751134397,0.40385456487159377,0.4395144423226029,31.7084620611554,33.7808789282574,0.0,4.3675183704598514e-05,27226.657274512538,0.1418975054427395,0.2642371838429617,0.6171986984985218,cruise,15,GTF2035_wi,0,43031,1.237,3.16,3.16,12.38496365740079,1.8572036330472068,0.7379884461418366,16.890503855002155,11.993194540779568,24.98316327031749,1537937610549992.5,14.1143671368648,756.908294028032,1093.71643159537,0.00436751837046,0.0155368039048104,0.190920775489812,16.8904394641287,12.2882915083134,12.28775483836352,15.118630925130851,0.5413038555999434,327483274179997.6,0.4395144423226029,0.0010907992648966345,4.236116403299288e-06,3.16,35.8,2023-02-06 04:11:00,4.3675183704598514e-05,0.1418977750607498,0.0,191,272.26657274512536,4.3675183704598514e-05,63.312077,14.294156,0.1418977750607498,0.0036196534,2.616499e-07,0.40607306834939494,985.852486215798,10012.557666855937,-0.6564137603112244,-0.7544010705679562,2.114491682011845,233.88875590078175,0.09611178339558954,0.9994047342510439,0.0,224.51811511283773,,,,,,,,,,,,,,0.0,0 days 00:00:00,,,,,,,,,,,,,,,,,,,,,0.0,,,,,,,,,,,,,,,,,,0.0,0.0,9.1874506e-05,3.3572778e-07,99248.414,0.3189762,-173.2195,0.0,0.0,1.0,-4.701915752667773e-13,1.779209e-12,2.3681652e-16,0.0,-0.0,0.0,7.48e-16,1.8002043069481156e-14,1.3090174275969729e-12,950.9802793993597,3.765430759352016e-14,6.233228982174541e-14,0.0,9.1874506e-05,3.3572778e-07,99248.414,0.3189762,-173.2195,0.0,0.0,0.0,-4.701915752667773e-13,1.779209e-12,2.3681652e-16,0.0,-0.0,0.0,7.48e-16,1.8002043069481156e-14,1.3090174275969729e-12,950.9802793993597,3.765430759352016e-14,6.233228982174541e-14,0.0
192,192,192,126.33927430320244,29.106630803300845,9806.94,885974.0,,164.68125668832786,0.7045015018968566,34610D,233.89377,63.48129,14.447138,226.1997643641476,63928.68904928282,0.4036316113122214,0.4415926516075349,31.82995679605965,33.9075413536988,0.0,4.268856191761378e-05,27226.657274512538,0.1338527586880029,0.2652496399671638,0.6227146258884952,cruise,15,GTF2035_wi,0,43031,1.237,3.16,3.16,12.399605000167696,1.8594114287193508,0.737802298567677,16.953776162230735,12.014359940843672,25.155394124289817,1546066950770605.8,14.1456716740227,758.230868520926,1095.82798436597,0.00426885619176,0.015582925160613,0.19170505724016,16.9537706768494,12.3022510385091,12.301725895521516,15.11931404994198,0.5451793239720081,330944591091016.44,0.4415926516075349,0.0010932669670666428,4.30601431860456e-06,3.16,35.8,2023-02-06 04:12:00,4.268856191761378e-05,0.1338527187686379,0.0,192,272.26657274512536,4.268856191761378e-05,63.48129,14.447138,0.1338527187686379,0.0025580868,1.7527361e-07,0.4055254540746805,986.5157266659386,9998.75192209403,-0.6600531623469181,-0.7512188914529726,2.1136993761956986,233.88473056552525,0.09094562119067966,inf,0.0,224.49539806020857,,,,,,,,,,,,,,0.0,0 days 00:00:00,,,,,,,,,,,,,,,,,,,,,0.0,,,,,,,,,,,,,,,,,,0.0,0.0,8.493701e-05,2.9871086e-07,99279.12,0.28551576,-173.94322,0.0,0.0,1.0,-4.700663950093549e-13,1.7850367e-12,2.3396313e-16,0.0,-0.0,0.0,7.480000000000002e-16,1.8076577549162406e-14,1.3149703404259717e-12,951.9828870184172,3.809037704679645e-14,6.262702312510191e-14,0.0,8.493701e-05,2.9871086e-07,99279.12,0.28551576,-173.94322,0.0,0.0,0.0,-4.700663950093549e-13,1.7850367e-12,2.3396313e-16,0.0,-0.0,0.0,7.480000000000002e-16,1.8076577549162406e-14,1.3149703404259717e-12,951.9828870184172,3.809037704679645e-14,6.262702312510191e-14,0.0
193,193,193,126.26200781766536,29.0472581967026,9806.94,885974.0,,164.74029129665573,0.7049689629064759,34610D,234.19405,63.669937,14.594346,226.4250201291981,63896.85909248676,0.40352741928727964,0.4421711897745012,31.8601370638973,33.9094320529822,0.0,4.19221645211019e-05,27226.657274512538,0.1270905724560297,0.2655011421991441,0.6263995854164895,cruise,15,GTF2035_wi,0,43031,1.237,3.16,3.16,12.393696857307724,1.858534957997482,0.7380634542599868,16.9547868350021,12.020742083562332,25.229090597308588,1549545443087232.8,14.1488109168859,759.176976569657,1097.16036657885,0.00419221645211,0.0156086957091134,0.191936496814392,16.9547160264911,12.296767160521,12.296251675035286,15.118838590930686,0.5479597148404297,331358678646788.75,0.4421711897745012,0.0010958427968159993,4.329165358366139e-06,3.16,35.8,2023-02-06 04:13:00,4.1922164521101904e-05,0.12709050404600594,0.0,193,272.26657274512536,4.1922164521101904e-05,63.669937,14.594346,0.12709050404600594,0.0017130312,1.05254195e-07,0.4050054955900412,987.170080597103,10001.998815542298,-0.6598392103481773,-0.7514068248872204,2.1133287575212947,233.8828471671371,0.08660769396417298,inf,0.0,224.47775086663046,,,,,,,,,,,,,,0.0,0 days 00:00:00,,,,,,,,,,,,,,,,,,,,,0.0,,,,,,,,,,,,,,,,,,0.0,0.0,7.8320656e-05,2.591114e-07,99308.15,0.25496647,-174.62164,0.0,0.0,1.0,-4.699488289671515e-13,1.7906782e-12,2.3091066e-16,0.0,-0.0,0.0,7.48e-16,1.8148392701160464e-14,1.3207293873679744e-12,952.98965662304,3.8397574455203e-14,6.270907187077159e-14,0.0,7.8320656e-05,2.591114e-07,99308.15,0.25496647,-174.62164,0.0,0.0,0.0,-4.699488289671515e-13,1.7906782e-12,2.3091066e-16,0.0,-0.0,0.0,7.48e-16,1.8148392701160464e-14,1.3207293873679744e-12,952.98965662304,3.8397574455203e-14,6.270907187077159e-14,0.0
194,194,194,126.18474133212828,28.987885590104348,9806.94,885974.0,,164.79932590498362,0.7054277502203955,34610D,234.4889,63.84712,14.759814,226.650550360841,63864.99895542287,0.4034751571543958,0.4412360292724181,31.796458391287025,33.7996674958034,0.0,4.122825140629304e-05,27226.657274512538,0.1209257072911091,0.2649704865940585,0.6281940038474051,cruise,15,GTF2035_wi,0,43031,1.237,3.16,3.16,12.365571069928546,1.8543258496164283,0.7383339772911361,16.89982605665765,12.011295084452897,25.20840730799612,1548569186558135.8,14.1220559158104,759.742648529664,1097.75349972656,0.00412282514063,0.0156157928663725,0.191606734038157,16.8998337479017,12.2700611923951,12.269555340082896,15.117350633475372,0.5496250418480828,329867823262565.3,0.4412360292724181,0.001097292655710986,4.320167908061544e-06,3.16,35.8,2023-02-06 04:14:00,4.122825140629304e-05,0.12092589455170599,0.0,194,272.26657274512536,4.122825140629304e-05,63.84712,14.759814,0.12092589455170599,0.0010253618,5.6043774e-08,0.40449623536333235,987.8122884165554,10005.240460944948,-0.6596257442600063,-0.7515942239729045,2.1131423419497977,233.8818997358652,0.08264723614760634,inf,0.0,224.46239322514083,,,,,,,,,,,,,,0.0,0 days 00:00:00,,,,,,,,,,,,,,,,,,,,,0.0,,,,,,,,,,,,,,,,,,0.0,0.0,7.1626295e-05,2.5311402e-07,99334.63,0.22662506,-175.37953,0.0,0.0,0.9999999999999998,-4.698426471285537e-13,1.796609e-12,2.3067081e-16,0.0,-0.0,0.0,7.480000000000001e-16,1.8226633182925912e-14,1.3267663367765933e-12,953.9955462947928,3.8542433733765304e-14,6.257644666023777e-14,0.0,7.1626295e-05,2.5311402e-07,99334.63,0.22662506,-175.37953,0.0,0.0,0.0,-4.698426471285537e-13,1.796609e-12,2.3067081e-16,0.0,-0.0,0.0,7.480000000000001e-16,1.8226633182925912e-14,1.3267663367765933e-12,953.9955462947928,3.8542433733765304e-14,6.257644666023777e-14,0.0
195,195,195,126.10747484659122,28.9285129835061,9806.94,885974.0,,164.85836051331148,0.7058778532438165,34610D,234.76964,63.893734,14.872203,226.77100399304268,63833.202497031576,0.4033272299855198,0.4419548247768756,31.834744019257656,33.8243406159456,0.0,4.0260014823587525e-05,27226.657274512538,0.1144387646090018,0.2652895334938138,0.6318074501892396,cruise,15,GTF2035_wi,0,43031,1.237,3.16,3.16,12.362018964702733,1.8538051496386407,0.7382845241344332,16.912230182048866,12.018552559161716,25.29177903856621,1552504353498053.0,14.1276891253015,760.652037348841,1099.09070970746,0.00402600148236,0.0156428724949106,0.191886154953352,16.9121703079728,12.2666827985577,12.266188961608275,15.11715653812118,0.5523022644578336,329835104317631.6,0.4419548247768756,0.0011004820718427469,4.3364148126281914e-06,3.16,35.8,2023-02-06 04:15:00,4.0260014823587525e-05,0.11443877364777393,0.0,195,272.26657274512536,4.0260014823587525e-05,63.893734,14.872203,0.11443877364777393,0.0006160338,3.3624854e-08,0.4040125345188964,988.4423352969776,10008.476849493312,-0.6594127638539863,-0.7517810897238949,2.1126166872076393,233.8792277703251,0.07843094858474806,inf,0.0,224.44458178868646,,,,,,,,,,,,,,0.0,0 days 00:00:00,,,,,,,,,,,,,,,,,,,,,0.0,,,,,,,,,,,,,,,,,,0.0,0.0,6.529113e-05,2.5309487e-07,99360.53,0.2008277,-176.05568,0.0,0.0,0.9999999999999999,-4.69738509391919e-13,1.8029775e-12,2.3126506e-16,0.0,-0.0,0.0,7.48e-16,1.8311371969387854e-14,1.3332389938954417e-12,954.9980033568679,3.890631590374176e-14,6.267838681371633e-14,0.0,6.529113e-05,2.5309487e-07,99360.53,0.2008277,-176.05568,0.0,0.0,0.0,-4.69738509391919e-13,1.8029775e-12,2.3126506e-16,0.0,-0.0,0.0,7.48e-16,1.8311371969387854e-14,1.3332389938954417e-12,954.9980033568679,3.890631590374176e-14,6.267838681371633e-14,0.0
196,196,196,126.03020836105416,28.869140376907847,9806.94,885974.0,,164.91739512163934,0.7063192615072447,34610D,235.02744,63.94437,14.96191,226.92244621623388,63801.36775301232,0.4032216128857031,0.4423279190689595,31.85249123849269,33.8214433096704,0.0,3.94920214633695e-05,27226.657274512538,0.1090751386576433,0.265437426987439,0.6348179912583952,cruise,15,GTF2035_wi,0,43031,1.237,3.16,3.16,12.35480647434234,1.8527330548688905,0.7383722491486839,16.910776934749784,12.022464733155484,25.349482227931144,1555227958748465.0,14.1275343290993,761.425197725218,1100.17934027451,0.00394920214634,0.015663931019208,0.192037862940603,16.9107216548352,12.2598767004984,12.259392552304597,15.11671312551546,0.5545976964629761,329407729220416.7,0.4423279190689595,0.0011032635401584502,4.344909318598331e-06,3.16,35.8,2023-02-06 04:16:00,3.9492021463369494e-05,0.1090750565034981,0.0,196,272.26657274512536,3.9492021463369494e-05,63.94437,14.96191,0.1090750565034981,0.00034651777,1.8662371e-08,0.4035693759183561,989.0602065865294,10011.707972387352,-0.6592002689013674,-0.7519674231510064,2.1122413997531697,233.87731977971154,0.07494568189878144,inf,0.0,224.43017338115112,,,,,,,,,,,,,,0.0,0 days 00:00:00,,,,,,,,,,,,,,,,,,,,,0.0,,,,,,,,,,,,,,,,,,0.0,0.0,5.9931717e-05,2.445971e-07,99385.66,0.17854445,-176.66179,0.0,0.0,1.0000000000000002,-4.696378735573849e-13,1.808747e-12,2.3024087e-16,0.0,-0.0,0.0,7.480000000000001e-16,1.838666004851365e-14,1.339109167309858e-12,956.0004604189428,3.9209459169416734e-14,6.273129934469511e-14,0.0,5.9931717e-05,2.445971e-07,99385.66,0.17854445,-176.66179,0.0,0.0,0.0,-4.696378735573849e-13,1.808747e-12,2.3024087e-16,0.0,-0.0,0.0,7.480000000000001e-16,1.838666004851365e-14,1.339109167309858e-12,956.0004604189428,3.9209459169416734e-14,6.273129934469511e-14,0.0
197,197,197,125.95294187551708,28.8097677703096,9806.94,885974.0,,164.9764297299672,0.7067519646667086,34610D,235.26671,64.00074,15.0456085,227.075253138432,63769.51526177383,0.40315316226547243,0.4418975431951608,31.820930211244782,33.7600661959622,0.0,3.89045617318973e-05,27226.657274512538,0.1046297735930274,0.2651744184270398,0.6366686901604272,cruise,15,GTF2035_wi,0,43031,1.237,3.16,3.16,12.33667104123061,1.850020703404502,0.7384936328502286,16.88005338310912,12.01803596458064,25.35450139999421,1555464864949563.2,14.1120755931725,761.956303196622,1100.81948303023,0.00389045617319,0.0156739837027641,0.1918911860935,16.8800330979811,12.2426557110469,12.24217943442136,15.115747893932966,0.5561842407738181,328330208384299.6,0.4418975431951608,0.0011049773366059556,4.340331913396205e-06,3.16,35.8,2023-02-06 04:17:00,3.8904561731897304e-05,0.10462973087985987,0.0,197,272.26657274512536,3.8904561731897304e-05,64.00074,15.0456085,0.10462973087985987,0.00024937416,1.2790094e-08,0.40315893942023884,989.6658878091512,10014.933820851926,-0.6589882591732289,-0.7521532252618726,2.111998082816042,233.87608257721672,0.07206157051994329,inf,0.0,224.41858915153844,,,,,,,,,,,,,,0.0,0 days 00:00:00,,,,,,,,,,,,,,,,,,,,,0.0,,,,,,,,,,,,,,,,,,0.0,0.0,5.5343608e-05,2.2550923e-07,99408.41,0.15901473,-177.33278,0.0,0.0,1.0000000000000002,-4.695480373219708e-13,1.8141191e-12,2.283205e-16,0.0,-0.0,0.0,7.480000000000001e-16,1.8455744426348046e-14,1.3445710711252566e-12,957.0029174810178,3.9392175948136027e-14,6.267026309397228e-14,0.0,5.5343608e-05,2.2550923e-07,99408.41,0.15901473,-177.33278,0.0,0.0,0.0,-4.695480373219708e-13,1.8141191e-12,2.283205e-16,0.0,-0.0,0.0,7.480000000000001e-16,1.8455744426348046e-14,1.3445710711252566e-12,957.0029174810178,3.9392175948136027e-14,6.267026309397228e-14,0.0
198,198,198,125.87567538998002,28.75039516371135,9806.94,885974.0,,165.03546433829507,0.7071759525038908,34610D,235.48508,64.05617,15.117766,227.17369454015724,63737.69433156258,0.4031346153453936,0.4394059356894145,31.66174936276896,33.553622001163,0.0,3.838049412525673e-05,27226.657274512538,0.1007474460229386,0.263847911356408,0.6357168079773337,cruise,15,GTF2035_wi,0,43031,1.237,3.16,3.16,12.288362138304342,1.842782687334793,0.7384712137858168,16.7765868190871,11.9917619655886,25.22955069734195,1549567159926117.8,14.0556265376771,761.91846763643,1100.41873352047,0.00383804941253,0.0156586818943168,0.190980617248792,16.7768110005815,12.1964682939313,12.196000205417064,15.113567930495089,0.5560712165328676,325840972968431.06,0.4394059356894145,0.0011038034437092941,4.306746822169469e-06,3.16,35.8,2023-02-06 04:18:00,3.838049412525673e-05,0.10074743253667716,0.0,198,272.26657274512536,3.838049412525673e-05,64.05617,15.117766,0.10074743253667716,0.00020939828,1.0062754e-08,0.4027850821142846,990.2593646647559,10018.154386134443,-0.658776734440237,-0.7523384970611683,2.1119315002184855,233.87574400028342,0.06953771108943667,inf,0.0,224.4091497555443,,,,,,,,,,,,,,0.0,0 days 00:00:00,,,,,,,,,,,,,,,,,,,,,0.0,,,,,,,,,,,,,,,,,,0.0,0.0,5.119744e-05,1.9902066e-07,99429.5,0.14268857,-178.07468,0.0,0.0,1.0,-4.694657872013824e-13,1.8189789e-12,2.2627868e-16,0.0,-0.0,0.0,7.480000000000001e-16,1.851794907030213e-14,1.3495131069933794e-12,958.0053745430924,3.927227147896652e-14,6.231690132422133e-14,0.0,5.119744e-05,1.9902066e-07,99429.5,0.14268857,-178.07468,0.0,0.0,0.0,-4.694657872013824e-13,1.8189789e-12,2.2627868e-16,0.0,-0.0,0.0,7.480000000000001e-16,1.851794907030213e-14,1.3495131069933794e-12,958.0053745430924,3.927227147896652e-14,6.231690132422133e-14,0.0
199,199,199,125.79840890444297,28.6910225571131,9806.94,885974.0,,165.09449894662296,0.7075912149263806,34610D,235.69142,63.969967,15.110217,227.08537908517783,63706.03258219981,0.4029500002606681,0.4392323929727431,31.6442475203765,33.5380484347478,0.0,3.744977571032861e-05,27226.657274512538,0.0960814053078014,0.2637020626698041,0.6373687232551525,cruise,15,GTF2035_wi,0,43031,1.237,3.16,3.16,12.273477234815273,1.8405619462526608,0.7378608846221992,16.769048979230462,11.988534062611386,25.252754881173825,1550662403319274.5,14.0436574592713,762.38460935224,1101.11192180484,0.00374497757103,0.0156728128216329,0.190924777964441,16.7690242173739,12.1819088977386,12.18145270506697,15.113288894997767,0.5574636979270237,325228841906217.6,0.4392323929727431,0.0011052810968982176,4.30697939490359e-06,3.16,35.8,2023-02-06 04:19:00,3.744977571032861e-05,0.09608144920502681,0.0,199,272.26657274512536,3.744977571032861e-05,63.969967,15.110217,0.09608144920502681,0.00018456829,8.667742e-09,0.40243245717001025,990.840623029575,10021.369659500653,-0.658565694472753,-0.7525232395505274,2.111276770583267,233.8724141535031,0.06645262661730536,inf,0.0,224.39498322055286,,,,,,,,,,,,,,0.0,0 days 00:00:00,,,,,,,,,,,,,,,,,,,,,0.0,,,,,,,,,,,,,,,,,,0.0,0.0,4.7840695e-05,1.600511e-07,99451.8,0.12953906,-178.98547,0.0,0.0,1.0000000000000002,-4.693772588203235e-13,1.8244314e-12,2.2647334e-16,0.0,-0.0,0.0,7.48e-16,1.8590177986452853e-14,1.3550542032130122e-12,959.0035288071118,3.9470717586418344e-14,6.229228935730881e-14,0.0,4.7840695e-05,1.600511e-07,99451.8,0.12953906,-178.98547,0.0,0.0,0.0,-4.693772588203235e-13,1.8244314e-12,2.2647334e-16,0.0,-0.0,0.0,7.48e-16,1.8590177986452853e-14,1.3550542032130122e-12,959.0035288071118,3.9470717586418344e-14,6.229228935730881e-14,0.0
200,200,200,125.72114241890588,28.63164995051485,9806.94,885974.0,,165.15353355495083,0.7079977419678192,34610D,235.8866,63.904846,15.091325,227.00821134041647,63674.38833467944,0.4028410952200104,0.4371919104111995,31.51181684321577,33.3845677416174,0.0,3.670574784706865e-05,27226.657274512538,0.0921603733428563,0.2625984736934647,0.6365965173396498,cruise,15,GTF2035_wi,0,43031,1.237,3.16,3.16,12.231586676965568,1.834289032008501,0.737304980874327,16.69213884448732,11.965864444230174,25.15729959125896,1546156889297379.8,13.9947291489591,762.372947812157,1100.89231350446,0.00367057478471,0.0156643491222607,0.190180824757474,16.6922838708087,12.1409975782018,12.140551950163196,15.112448491457965,0.5574288620025782,323287390341347.6,0.4371919104111995,0.001104205856468065,4.281062576375529e-06,3.16,35.8,2023-02-06 04:20:00,3.670574784706864e-05,0.0921604306417187,0.0,200,272.26657274512536,3.670574784706864e-05,63.904846,15.091325,0.0921604306417187,0.0001717055,7.877311e-09,0.40209947188390055,991.4096489563644,10024.579632240675,-0.6583551390406611,-0.7527074537287058,2.11089037825341,233.87044859726737,0.06386390057833746,inf,0.0,224.38387217621684,,,,,,,,,,,,,,0.0,0 days 00:00:00,,,,,,,,,,,,,,,,,,,,,0.0,,,,,,,,,,,,,,,,,,0.0,0.0,4.5397002e-05,1.1741231e-07,99473.305,0.11878777,-179.88828,0.0,0.0,1.0,-4.692923903270551e-13,1.8293995e-12,2.2539721e-16,0.0,-0.0,0.0,7.480000000000001e-16,1.8654789009862068e-14,1.3601070614232123e-12,960.0016542413013,3.939549025199768e-14,6.200290648804466e-14,0.0,4.5397002e-05,1.1741231e-07,99473.305,0.11878777,-179.88828,0.0,0.0,0.0,-4.692923903270551e-13,1.8293995e-12,2.2539721e-16,0.0,-0.0,0.0,7.480000000000001e-16,1.8654789009862068e-14,1.3601070614232123e-12,960.0016542413013,3.939549025199768e-14,6.200290648804466e-14,0.0
201,201,201,125.6438759333688,28.572277343916603,9806.94,885974.0,,165.2125681632787,0.7083955237881431,34610D,236.06975,63.86086,15.065566,226.8099998596861,63642.87651783622,0.40260522618660116,0.4373901026554924,31.516450223843165,33.4093172195024,0.0,3.609041269356809e-05,27226.657274512538,0.0888003792304134,0.262637085198693,0.6383957867520064,cruise,15,GTF2035_wi,0,43031,1.237,3.16,3.16,12.22205776136933,1.832867565096827,0.7363753091826081,16.704685586038575,11.965753662279148,25.20321023526159,1548323883399985.8,13.9897139543382,762.844467502606,1101.70711797586,0.00360904126936,0.015683020508261,0.190262215137123,16.7046586097512,12.1317328531773,12.131295029733172,15.112198524952374,0.5588374087463245,323117801794247.5,0.4373901026554924,0.0011058584496571409,4.287128772760314e-06,3.16,35.8,2023-02-06 04:21:00,3.609041269356809e-05,0.08880032857690573,0.0,201,272.26657274512536,3.609041269356809e-05,63.86086,15.065566,0.08880032857690573,0.00015927441,7.196579e-09,0.4017875110406517,991.966428674743,10007.812605184352,-0.6626020309539655,-0.7489716607293496,2.110055816732413,233.86620214294317,0.061647041744452916,inf,0.0,224.37204066652316,,,,,,,,,,,,,,0.0,0 days 00:00:00,,,,,,,,,,,,,,,,,,,,,0.0,,,,,,,,,,,,,,,,,,0.0,0.0,4.361183e-05,7.566915e-08,99493.85,0.11027119,-180.8544,0.0,0.0,0.9999999999999999,-4.692119081819107e-13,1.83391e-12,2.228747e-16,0.0,-0.0,0.0,7.480000000000002e-16,1.871195018839819e-14,1.3646981140110128e-12,960.9997796754905,3.960557601104273e-14,6.203101427068407e-14,0.0,4.361183e-05,7.566915e-08,99493.85,0.11027119,-180.8544,0.0,0.0,0.0,-4.692119081819107e-13,1.83391e-12,2.228747e-16,0.0,-0.0,0.0,7.480000000000002e-16,1.871195018839819e-14,1.3646981140110128e-12,960.9997796754905,3.960557601104273e-14,6.203101427068407e-14,0.0
202,202,202,125.5671649811302,28.51262213279974,9806.94,885974.0,,165.27160277160655,0.7087868892193896,34610D,236.23796,63.82784,15.014915,226.67014326770664,63611.360067612375,0.4024478796300412,0.4364246655754705,31.45039983479366,33.3431058438724,0.0,3.556343589434428e-05,27226.657274512538,0.0858949369898279,0.2620866652899472,0.6386498997747322,cruise,15,GTF2035_wi,0,43031,1.237,3.16,3.16,12.196638796623228,1.829062065111514,0.7356592051399795,16.671525647982936,11.953941608281708,25.17236350918283,1546867910064182.8,13.9625573865785,763.007283484883,1101.90894493678,0.00355634358943,0.0156861334596643,0.189913791188356,16.6715529219362,12.1071130547694,12.106682499542432,15.11142809277128,0.559323780633462,322095394017271.06,0.4364246655754705,0.001105921316720999,4.27641199144266e-06,3.16,35.8,2023-02-06 04:22:00,3.556343589434427e-05,0.08589493537317204,0.0,202,272.26657274512536,3.556343589434427e-05,63.82784,15.014915,0.08589493537317204,0.00014743968,6.5484893e-09,0.40150142375293496,992.5142232566982,10000.61452732419,-0.664732149969621,-0.7470817684810446,2.109499241068764,233.86336932308822,0.05972935444886927,inf,0.0,224.36258279268958,,,,,,,,,,,,,,0.0,0 days 00:00:00,,,,,,,,,,,,,,,,,,,,,0.0,,,,,,,,,,,,,,,,,,0.0,0.0,4.216395e-05,3.3441022e-08,99514.125,0.103844404,-181.83116,0.0,0.0,1.0000000000000002,-4.691327865689495e-13,1.8378272e-12,2.1880202e-16,0.0,-0.0,0.0,7.480000000000001e-16,1.875982843932841e-14,1.3686943405542065e-12,962.002656033953,3.9636129517057074e-14,6.18940952116457e-14,0.0,4.216395e-05,3.3441022e-08,99514.125,0.103844404,-181.83116,0.0,0.0,0.0,-4.691327865689495e-13,1.8378272e-12,2.1880202e-16,0.0,-0.0,0.0,7.480000000000001e-16,1.875982843932841e-14,1.3686943405542065e-12,962.002656033953,3.9636129517057074e-14,6.18940952116457e-14,0.0
203,203,203,125.4907459192706,28.452818434562,9806.94,885974.0,,165.33063737993442,0.7091706437279102,34610D,236.40048,63.700203,14.916245,226.496394790841,63579.90966777758,0.4014026119656035,0.4364246655754705,31.38529329679272,33.2820161600168,0.0,3.4621947514546e-05,27226.657274512538,0.0821371893731079,0.2615441108066059,0.6388421606872233,cruise,15,GTF2035_wi,0,43031,1.237,3.16,3.16,12.171485693394551,1.825301453470332,0.7348426027858385,16.640982822543027,11.942202024172689,25.14271216511221,1545468359063946.5,13.935617307851,763.152232528218,1102.10141015642,0.00346219475145,0.0156893898241663,0.18957068702653,16.6410080800084,12.0827316518412,12.082313338622937,15.110680508942004,0.5597591955471528,321165268262771.25,0.4364246655754705,0.0011058835010426915,4.266600179291728e-06,3.16,35.8,2023-02-06 04:23:00,3.4621947514546e-05,0.08213720790776961,0.0,203,272.26657274512536,3.4621947514546e-05,63.700203,14.916245,0.08213720790776961,0.00012834888,5.680707e-09,0.4012254005765508,993.0513600036167,10003.771064185285,-0.6645227269354954,-0.7472680545736001,2.105813934359808,233.84459540550165,0.0572082145069391,inf,0.0,224.33647269878276,,,,,,,,,,,,,,0.0,0 days 00:00:00,,,,,,,,,,,,,,,,,,,,,0.0,,,,,,,,,,,,,,,,,,0.0,0.0,4.081116e-05,2.4412605e-09,99535.48,0.09811164,-182.92725,0.0,0.0,1.0,-4.690481443972713e-13,1.8422679e-12,2.194783e-16,0.0,-0.0,0.0,7.479999999999999e-16,1.8819336030332025e-14,1.3732198258392626e-12,963.0045713297145,3.976582361744345e-14,6.189409521164568e-14,0.0,4.081116e-05,2.4412605e-09,99535.48,0.09811164,-182.92725,0.0,0.0,0.0,-4.690481443972713e-13,1.8422679e-12,2.194783e-16,0.0,-0.0,0.0,7.479999999999999e-16,1.8819336030332025e-14,1.3732198258392626e-12,963.0045713297145,3.976582361744345e-14,6.189409521164568e-14,0.0
204,204,204,125.414326857411,28.39301473632425,9806.94,885974.0,,165.3896719882623,0.7095455333452071,34610D,236.56671,63.55159,14.802139,226.29643828859284,63548.52437448079,0.40205447664987687,0.4356065083714751,31.38603227518041,33.302971231597,0.0,3.361237584387076e-05,27226.657274512538,0.0782970517480252,0.2615502689598367,0.640395249561094,cruise,15,GTF2035_wi,0,43031,1.237,3.16,3.16,12.161748870083862,1.8238535452386395,0.7339358957172246,16.651509968243612,11.941523411967545,25.181690851473245,1547308162998451.0,13.9298541902985,763.562683674884,1102.82361620255,0.00336123758439,0.0157060558434548,0.189626100890021,16.6514856157985,12.0734386010122,12.073032797696229,15.110199558993292,0.5609928147019277,321118417324684.3,0.4356065083714751,0.0011071965675068264,4.273137931732036e-06,3.16,35.8,2023-02-06 04:24:00,3.361237584387076e-05,0.07829711956507716,0.0,204,272.26657274512536,3.361237584387076e-05,63.55159,14.802139,0.07829711956507716,0.00011375755,5.10392e-09,0.4009434686921456,993.5760829918923,10006.922305864087,-0.66431378857551,-0.7474538047989673,2.108107802335528,233.8562843817365,0.05462336068243809,inf,0.0,224.33787076192235,,,,,,,,,,,,,,0.0,0 days 00:00:00,,,,,,,,,,,,,,,,,,,,,0.0,,,,,,,,,,,,,,,,,,0.0,0.0,3.9710845e-05,-3.3635736e-08,99556.86,0.09255705,-183.96053,0.0,0.0,1.0,-4.689632275223956e-13,1.8469154e-12,2.2314098e-16,0.0,-0.0,0.0,7.480000000000001e-16,1.8884520279202093e-14,1.3779522538099463e-12,964.0055617167965,3.987535022582155e-14,6.177806350244931e-14,0.0,3.9710845e-05,-3.3635736e-08,99556.86,0.09255705,-183.96053,0.0,0.0,0.0,-4.689632275223956e-13,1.8469154e-12,2.2314098e-16,0.0,-0.0,0.0,7.480000000000001e-16,1.8884520279202093e-14,1.3779522538099463e-12,964.0055617167965,3.987535022582155e-14,6.177806350244931e-14,0.0
205,205,205,125.33790779555142,28.33321103808651,9806.94,885974.0,,165.44870659659017,0.7099115485710075,34610D,236.72456,63.42491,14.667108,226.150028960947,63517.13834220561,0.4018726400079944,0.435548816600094,31.376135906166976,33.3050483957826,0.0,3.271505362052794e-05,27226.657274512538,0.0748967089286054,0.2614677992180581,0.6416826825435875,cruise,15,GTF2035_wi,0,43031,1.237,3.16,3.16,12.150310240576072,1.822149038035384,0.733216417096729,16.652544483392305,11.939287498554382,25.206170060285448,1548463587895768.8,13.9212358979892,763.917505473854,1103.41628945358,0.00327150536205,0.015719213780629,0.189612554653365,16.6525241978913,12.062470636224,12.062076024760076,15.109701230187367,0.5620592387363016,320900164382400.7,0.435548816600094,0.0011082581404574282,4.2763865411082225e-06,3.16,35.8,2023-02-06 04:25:00,3.2715053620527934e-05,0.07489675716730995,0.0,205,272.26657274512536,3.2715053620527934e-05,63.42491,14.667108,0.07489675716730995,9.188081e-05,4.1033754e-09,0.4006761160924278,994.088378927097,10010.068243642141,-0.6641053346777503,-0.7476390201511376,2.10746528558212,233.85301141232296,0.05233278573699919,inf,0.0,224.32672403269996,,,,,,,,,,,,,,0.0,0 days 00:00:00,,,,,,,,,,,,,,,,,,,,,0.0,,,,,,,,,,,,,,,,,,0.0,0.0,3.8905437e-05,-7.556148e-08,99577.625,0.08803394,-184.92995,0.0,0.0,1.0,-4.68881172502945e-13,1.8510666e-12,2.262365e-16,0.0,-0.0,0.0,7.480000000000001e-16,1.8942647971334498e-14,1.3821854977734616e-12,965.0065521038787,4.003089964037809e-14,6.176988160927861e-14,0.0,3.8905437e-05,-7.556148e-08,99577.625,0.08803394,-184.92995,0.0,0.0,0.0,-4.68881172502945e-13,1.8510666e-12,2.262365e-16,0.0,-0.0,0.0,7.480000000000001e-16,1.8942647971334498e-14,1.3821854977734616e-12,965.0065521038787,4.003089964037809e-14,6.176988160927861e-14,0.0
206,206,206,125.26148873369182,28.273407339848767,9806.94,885974.0,,165.50774120491803,0.7102686800349586,34610D,236.87305,63.31911,14.511581,226.0339796899441,63485.76220629944,0.40174094892571255,0.4343799249034384,31.29857630031614,33.2218302012602,0.0,3.193334018071021e-05,27226.657274512538,0.0719257409323777,0.2608214691693011,0.6415094638883417,cruise,15,GTF2035_wi,0,43031,1.237,3.16,3.16,12.12338077002473,1.81811997546144,0.7326104552944078,16.611180445345568,11.925682140582984,25.158674287271147,1546221775299656.5,13.8907848313953,763.984167210876,1103.44342460653,0.00319333401807,0.015718311421801,0.189187092642049,16.6109151006301,12.0360951991096,12.035710858660432,15.109238974464736,0.5622595919241263,319790550276154.5,0.4343799249034384,0.0011078291281710196,4.262748209367144e-06,3.16,35.8,2023-02-06 04:26:00,3.193334018071021e-05,0.07192572539891061,0.0,206,272.26657274512536,3.193334018071021e-05,63.31911,14.511581,0.07192572539891061,6.3327796e-05,2.713151e-09,0.4004249419023772,994.5882346967417,10013.20886881367,-0.6638973650298161,-0.7478237016212225,2.1069999615805437,233.85064050856337,0.05033071667107266,inf,0.0,224.31743960108022,,,,,,,,,,,,,,0.0,0 days 00:00:00,,,,,,,,,,,,,,,,,,,,,0.0,,,,,,,,,,,,,,,,,,0.0,0.0,3.838881e-05,-1.2284409e-07,99597.82,0.08453332,-185.8405,0.0,0.0,1.0,-4.688017632313277e-13,1.8547126e-12,2.2862086e-16,0.0,-0.0,0.0,7.48e-16,1.8993460483463306e-14,1.3859107403041432e-12,966.0075424909609,4.0015572671656393e-14,6.160410845374556e-14,0.0,3.838881e-05,-1.2284409e-07,99597.82,0.08453332,-185.8405,0.0,0.0,0.0,-4.688017632313277e-13,1.8547126e-12,2.2862086e-16,0.0,-0.0,0.0,7.48e-16,1.8993460483463306e-14,1.3859107403041432e-12,966.0075424909609,4.0015572671656393e-14,6.160410845374556e-14,0.0
207,207,207,125.18506967183222,28.213603641611023,9806.94,885974.0,,165.5667758132459,0.7106169184968361,34610D,237.02266,63.14745,14.359713,225.8650684134421,63454.463629999125,0.40161525542814175,0.4326134625386563,31.18375018321072,33.1011132921652,0.0,3.085628603066975e-05,27226.657274512538,0.0683696610443435,0.2598645848600893,0.6405452975799728,cruise,15,GTF2035_wi,0,43031,1.237,3.16,3.16,12.08698884915952,1.8126753677887488,0.7318319287736922,16.550448199087576,11.9055127271549,25.07526837649277,1542284995045193.5,13.8479165457768,763.906278551105,1103.21197253115,0.00308562860307,0.0157112720078371,0.188541996677969,16.5505566460826,12.0004285193408,12.000058242111296,15.10864037855923,0.5620254959947721,318237869732533.6,0.4326134625386563,0.001106642721738237,4.240715601729512e-06,3.16,35.8,2023-02-06 04:27:00,3.085628603066975e-05,0.06836969819566123,0.0,207,272.26657274512536,3.085628603066975e-05,63.14745,14.359713,0.06836969819566123,5.8000664e-05,2.3792306e-09,0.4001721914878894,995.0756373705696,10016.34417269096,-0.6636898794197128,-0.748007850196672,2.1065554194779255,233.84837505937207,0.04791322399061073,inf,0.0,224.30678778643968,,,,,,,,,,,,,,0.0,0 days 00:00:00,,,,,,,,,,,,,,,,,,,,,0.0,,,,,,,,,,,,,,,,,,0.0,0.0,3.7640042e-05,-1.3515839e-07,99619.234,0.08105995,-186.81564,0.0,0.0,1.0,-4.687163178360196e-13,1.858828e-12,2.2858418e-16,0.0,0.0,0.0,7.48e-16,1.904803510878238e-14,1.3901116094486823e-12,967.0058542734503,3.9930834177975447e-14,6.135358734800227e-14,0.0,3.7640042e-05,-1.3515839e-07,99619.234,0.08105995,-186.81564,0.0,0.0,0.0,-4.687163178360196e-13,1.858828e-12,2.2858418e-16,0.0,0.0,0.0,7.48e-16,1.904803510878238e-14,1.3901116094486823e-12,967.0058542734503,3.9930834177975447e-14,6.135358734800227e-14,0.0
208,208,208,125.10865060997264,28.15379994337328,9806.94,885974.0,,165.62581042157376,0.7109562548467122,34610D,237.16733,62.95734,14.190616,225.61121392201537,63423.27987981592,0.4014051574252294,0.4319007613684655,31.132692422248848,33.0664578102932,0.0,2.968819126567158e-05,27226.657274512538,0.0647481047702176,0.2594391035187404,0.6407849634094503,cruise,15,GTF2035_wi,0,43031,1.237,3.16,3.16,12.06547003063092,1.8094623026126584,0.7307864106548227,16.533219327568016,11.895782872884634,25.059453636604093,1541538535290217.2,13.82539005254,764.044075930449,1103.46479727976,0.00296881912657,0.0157171278757853,0.188283416166832,16.5332289051466,11.9795052667932,11.97914962750786,15.108066917722557,0.5624396487825457,317596045567603.1,0.4319007613684655,0.0011066604878259092,4.234520167039055e-06,3.16,35.8,2023-02-06 04:28:00,2.9688191265671583e-05,0.06474816720488344,0.0,208,272.26657274512536,2.9688191265671583e-05,62.95734,14.190616,0.06474816720488344,5.4048265e-05,2.2170383e-09,0.3999280899459841,995.5505742007908,10019.47414661831,-0.6634828776340986,-0.7481914668628451,2.10581392781078,233.84459537211336,0.04544026770074769,inf,0.0,224.29457934997004,,,,,,,,,,,,,,0.0,0 days 00:00:00,,,,,,,,,,,,,,,,,,,,,0.0,,,,,,,,,,,,,,,,,,0.0,0.0,3.6961505e-05,-1.3601942e-07,99640.734,0.0778994,-187.90486,0.0,0.0,0.9999999999999999,-4.686301505416942e-13,1.8629087e-12,2.282035e-16,0.0,0.0,0.0,7.479999999999999e-16,1.9101824312918262e-14,1.3942785259638108e-12,968.0024433833757,3.998518988956755e-14,6.125251149788487e-14,0.0,3.6961505e-05,-1.3601942e-07,99640.734,0.0778994,-187.90486,0.0,0.0,0.0,-4.686301505416942e-13,1.8629087e-12,2.282035e-16,0.0,0.0,0.0,7.479999999999999e-16,1.9101824312918262e-14,1.3942785259638108e-12,968.0024433833757,3.998518988956755e-14,6.125251149788487e-14,0.0
209,209,209,125.03223154811305,28.093996245135536,9806.94,885974.0,,165.68484502990165,0.7112866801051532,34610D,237.30428,62.799465,13.998487,225.36173881445583,63392.14718739367,0.40120468723639047,0.4311737678589942,31.08098798840467,33.030837325661,0.0,2.8635703424100942e-05,27226.657274512538,0.0615248070056747,0.2590082332367056,0.6409348999705253,cruise,15,GTF2035_wi,0,43031,1.237,3.16,3.16,12.044208724915777,1.806286414348342,0.729767682598922,16.515404748297673,11.885935964012909,25.04130191869615,1540681769576880.0,13.802905157741,764.15903995568,1103.68175855563,0.00286357034241,0.0157222081394224,0.188019368649139,16.5154186628305,11.9588398131998,11.958497373215623,15.107490497752387,0.5627851754665054,316955996689716.8,0.4311737678589942,0.0011066002816967674,4.227945658860663e-06,3.16,35.8,2023-02-06 04:29:00,2.863570342410094e-05,0.061524766568842225,0.0,209,272.26657274512536,2.863570342410094e-05,62.799465,13.998487,0.061524766568842225,4.010545e-05,1.645101e-09,0.3996972885802519,996.0130326223572,10022.598781955454,-0.6632763594598339,-0.7483745526016429,2.105107013085149,233.8409908412265,0.04323663607874348,inf,0.0,224.2835006145901,,,,,,,,,,,,,,0.0,0 days 00:00:00,,,,,,,,,,,,,,,,,,,,,0.0,,,,,,,,,,,,,,,,,,0.0,0.0,3.6629983e-05,-1.4650972e-07,99661.46,0.07551852,-189.09901,0.0,0.0,1.0,-4.685476133570198e-13,1.8664985e-12,2.2841636e-16,0.0,0.0,0.0,7.480000000000001e-16,1.914977774059209e-14,1.3979508758029391e-12,968.9990324933008,4.002084630981786e-14,6.114940869677686e-14,0.0,3.6629983e-05,-1.4650972e-07,99661.46,0.07551852,-189.09901,0.0,0.0,0.0,-4.685476133570198e-13,1.8664985e-12,2.2841636e-16,0.0,0.0,0.0,7.480000000000001e-16,1.914977774059209e-14,1.3979508758029391e-12,968.9990324933008,4.002084630981786e-14,6.114940869677686e-14,0.0
210,210,210,124.95581248625344,28.034192546897792,9806.94,885974.0,,165.74387963822952,0.711608185423358,34610D,237.43292,62.650093,13.79802,225.11459834356384,63361.066199405264,0.4011164845704433,0.4274726840512503,30.84771710593229,32.776053364512,0.0,2.762519612435321e-05,27226.657274512538,0.0585257609272183,0.2570643092161024,0.6372503982868966,cruise,15,GTF2035_wi,0,43031,1.237,3.16,3.16,11.978337102377802,1.7964196614449737,0.7287698437779585,16.387579367622408,11.845021046107112,24.83478831277812,1530934274723472.0,13.7204429938956,763.543044291089,1102.49967560173,0.00276251961244,0.0156924820137896,0.18665875278181,16.388026682256,11.8947883845133,11.894459797728594,15.105757460063824,0.5609337881399743,313972900014618.25,0.4274726840512503,0.0011028094494634334,4.17771812217058e-06,3.16,35.8,2023-02-06 04:30:00,2.7625196124353212e-05,0.05852577858350903,0.0,210,272.26657274512536,2.7625196124353212e-05,62.650093,13.79802,0.05852577858350903,1.52284665e-05,6.400675e-10,0.39948073453541694,996.4630002531579,10025.718070080584,-0.6630703246836867,-0.7485571083917849,2.104795141558679,233.83940027992276,0.04118148040095449,inf,0.0,224.27479173966174,,,,,,,,,,,,,,0.0,0 days 00:00:00,,,,,,,,,,,,,,,,,,,,,0.0,,,,,,,,,,,,,,,,,,0.0,0.0,3.6283607e-05,-1.5790135e-07,99682.38,0.07334741,-190.64023,0.0,0.0,1.0000000000000002,-4.684641720054091e-13,1.8698172e-12,2.2905166e-16,0.0,0.0,0.0,7.480000000000001e-16,1.9194642533350516e-14,1.4013531442730284e-12,969.995621603226,3.9637630920882356e-14,6.062451803029557e-14,0.0,3.6283607e-05,-1.5790135e-07,99682.38,0.07334741,-190.64023,0.0,0.0,0.0,-4.684641720054091e-13,1.8698172e-12,2.2905166e-16,0.0,0.0,0.0,7.480000000000001e-16,1.9194642533350516e-14,1.4013531442730284e-12,969.995621603226,3.9637630920882356e-14,6.062451803029557e-14,0.0
211,211,211,124.87939342439384,27.97438884866005,9806.94,885974.0,,165.80291424655738,0.7119207620833528,34610D,237.5469,62.459324,13.607209,224.66074136696523,63330.21848229933,0.4007780398595966,0.4277460845946519,30.854823860953264,32.8355436252698,0.0,2.667425286865942e-05,27226.657274512538,0.0558127785269663,0.2571235321746105,0.6382552573634844,cruise,15,GTF2035_wi,0,43031,1.237,3.16,3.16,11.971468703371096,1.7954009755222615,0.7271260683753829,16.417789134262883,11.84418433189955,24.88091532977613,1533111481686627.8,13.7170393493203,763.796444391578,1103.10852047916,0.00266742528687,0.015709018196145,0.186753068966689,16.4177718126349,11.8882712232467,11.887954120952386,15.105358411937692,0.5616953872250888,314260033440419.75,0.4277460845946519,0.0011036406422423087,4.1858461381864015e-06,3.16,35.8,2023-02-06 04:31:00,2.667425286865942e-05,0.05581289046999212,0.0,211,272.26657274512536,2.667425286865942e-05,62.459324,13.607209,0.05581289046999212,0.0,0.0,0.3992890552749326,996.9004648942906,10003.409569721409,-0.6685386673972725,-0.7436773831404845,2.10360461328117,233.83332660492493,0.03931688634116486,inf,0.0,224.26269034451897,,,,,,,,,,,,,,0.0,0 days 00:00:00,,,,,,,,,,,,,,,,,,,,,0.0,,,,,,,,,,,,,,,,,,0.0,0.0,3.5561417e-05,-1.510067e-07,99704.09,0.070795186,-192.56718,0.0,0.0,1.0,-4.6837677354552e-13,1.8730282e-12,2.2837972e-16,0.0,0.0,0.0,7.48e-16,1.9236849078937428e-14,1.4046514897969848e-12,970.990317724675,3.978630088540997e-14,6.066329191408121e-14,0.0,3.5561417e-05,-1.510067e-07,99704.09,0.070795186,-192.56718,0.0,0.0,0.0,-4.6837677354552e-13,1.8730282e-12,2.2837972e-16,0.0,0.0,0.0,7.48e-16,1.9236849078937428e-14,1.4046514897969848e-12,970.990317724675,3.978630088540997e-14,6.066329191408121e-14,0.0
212,212,212,124.8036836424515,27.91422666422212,9806.94,885974.0,,165.86194885488524,0.7122269763768032,34610D,237.65385,62.228077,13.406698,224.31601568430108,63299.36365843838,0.4005446947129849,0.4271068757234987,30.8080193231242,32.8177425050512,0.0,2.5735826209444268e-05,27226.657274512538,0.0532253335542333,0.2567334943593683,0.6381408144664277,cruise,15,GTF2035_wi,0,43031,1.237,3.16,3.16,11.951942491393376,1.792483780594183,0.7258469572511677,16.408861734043786,11.83465480135036,24.865786502425188,1532397397178317.2,13.6959688158971,763.837550274449,1103.30005823019,0.00257358262094,0.0157152866665744,0.186524041946892,16.4088712525256,11.8689557438121,11.868650294290784,15.1052494231622,0.5618189317806235,313850999412783.3,0.4271068757234987,0.0011033021217799418,4.181094344668834e-06,3.16,35.8,2023-02-06 04:32:00,2.5735826209444268e-05,0.053225349486717664,0.0,212,272.26657274512536,2.5735826209444268e-05,62.228077,13.406698,0.053225349486717664,0.0,0.0,0.3991093655099166,997.3290201241336,10002.432589883634,-0.6692477889088722,-0.7430392971038514,2.1027840579887687,233.8291386371872,0.037533820588283195,inf,0.0,224.2526009660279,,,,,,,,,,,,,,0.0,0 days 00:00:00,,,,,,,,,,,,,,,,,,,,,0.0,,,,,,,,,,,,,,,,,,0.0,0.0,3.4574026e-05,-1.2664236e-07,99726.31,0.06790987,-194.64217,0.0,0.0,1.0000000000000002,-4.682866806783809e-13,1.8763034e-12,2.265795e-16,0.0,0.0,0.0,7.480000000000002e-16,1.9278796315283744e-14,1.408016679003461e-12,971.9884340227735,3.9809806445243943e-14,6.057263880060719e-14,0.0,3.4574026e-05,-1.2664236e-07,99726.31,0.06790987,-194.64217,0.0,0.0,0.0,-4.682866806783809e-13,1.8763034e-12,2.265795e-16,0.0,0.0,0.0,7.480000000000002e-16,1.9278796315283744e-14,1.408016679003461e-12,971.9884340227735,3.9809806445243943e-14,6.057263880060719e-14,0.0
213,213,213,124.72808826049445,27.85400665943001,9806.94,885974.0,,165.9209834632131,0.7125245768701718,34610D,237.7594,62.00829,13.1824,223.99632184378328,63268.55563911526,0.4003430136326734,0.4259018887551887,30.726983776075546,32.755359619452,0.0,2.4808576876464827e-05,27226.657274512538,0.0507213911643371,0.2560581981339628,0.63731598488325,cruise,15,GTF2035_wi,0,43031,1.237,3.16,3.16,11.924229599577387,1.788338616769894,0.7246516199443799,16.377631032708276,11.819371300005097,24.81394776066999,1529950595350323.2,13.6635964126322,763.743216655353,1103.22149988369,0.00248085768765,0.0157147997787885,0.186086279166986,16.377679809726,11.8414667565896,11.841172993939074,15.10519591543791,0.5615354101961395,312986926247812.6,0.4259018887551887,0.0011022322051524101,4.167988862715829e-06,3.16,35.8,2023-02-06 04:33:00,2.480857687646483e-05,0.050721388442491105,0.0,213,272.26657274512536,2.480857687646483e-05,62.00829,13.1824,0.050721388442491105,0.0,0.0,0.39893218642244593,997.745513274994,10005.499357279403,-0.6690429873590621,-0.7432237086272625,2.1020751528745105,233.82551934778854,0.03580544134571808,inf,0.0,224.2432302377737,,,,,,,,,,,,,,0.0,0 days 00:00:00,,,,,,,,,,,,,,,,,,,,,0.0,,,,,,,,,,,,,,,,,,0.0,0.0,3.373339e-05,-1.09503915e-07,99748.39,0.0652977,-196.83878,0.0,0.0,1.0000000000000002,-4.681972846646661e-13,1.879476e-12,2.252134e-16,0.0,0.0,0.0,7.480000000000001e-16,1.9319837468386523e-14,1.4112787740249614e-12,972.9875095852072,3.975087769443856e-14,6.040174658477187e-14,0.0,3.373339e-05,-1.09503915e-07,99748.39,0.0652977,-196.83878,0.0,0.0,0.0,-4.681972846646661e-13,1.879476e-12,2.252134e-16,0.0,0.0,0.0,7.480000000000001e-16,1.9319837468386523e-14,1.4112787740249614e-12,972.9875095852072,3.975087769443856e-14,6.040174658477187e-14,0.0
214,214,214,124.6524928785374,27.7937866546379,9806.94,885974.0,,165.980018071541,0.7128131335731489,34610D,237.86267,61.772182,12.947062,223.6567762585329,63237.82865533918,0.4000953782311704,0.4257411748436137,30.709470166740896,32.772424141236,0.0,2.389893522698469e-05,27226.657274512538,0.0483157438499315,0.2559122513895074,0.6377727727915059,cruise,15,GTF2035_wi,0,43031,1.237,3.16,3.16,11.912264591651317,1.786554998307815,0.7233960322346197,16.386220446706083,11.814886978192904,24.827987372126096,1530613268590683.5,13.6525043268568,763.891680844773,1103.61326582198,0.0023898935227,0.0157259487558245,0.186031387524822,16.386212070618,11.8295811854226,11.829298477784498,15.105187423426752,0.5619816222955677,312944916427545.25,0.4257411748436137,0.0011024767819378081,4.1699374184641364e-06,3.16,35.8,2023-02-06 04:34:00,2.389893522698469e-05,0.04831575862489877,0.0,214,272.26657274512536,2.389893522698469e-05,61.772182,12.947062,0.04831575862489877,0.0,0.0,0.3987589867905245,998.1493422417311,10008.560783992509,-0.6688386692276137,-0.7434075830564515,2.101205785969004,233.8210793521314,0.034142125952544324,inf,0.0,224.23335051984998,,,,,,,,,,,,,,0.0,0 days 00:00:00,,,,,,,,,,,,,,,,,,,,,0.0,,,,,,,,,,,,,,,,,,0.0,0.0,3.3156823e-05,-9.971919e-08,99771.336,0.063028835,-199.25302,0.0,0.0,1.0,-4.6810392976171e-13,1.8826963e-12,2.2416793e-16,0.0,0.0,0.0,7.480000000000001e-16,1.9361867782746098e-14,1.4145922965365185e-12,973.9865851476409,3.9838010835645136e-14,6.037895400926118e-14,0.0,3.3156823e-05,-9.971919e-08,99771.336,0.063028835,-199.25302,0.0,0.0,0.0,-4.6810392976171e-13,1.8826963e-12,2.2416793e-16,0.0,0.0,0.0,7.480000000000001e-16,1.9361867782746098e-14,1.4145922965365185e-12,973.9865851476409,3.9838010835645136e-14,6.037895400926118e-14,0.0
215,215,215,124.57689749658034,27.73356664984579,9806.94,885974.0,,166.03905267986886,0.7130926381498923,34610D,237.95198,61.53396,12.709414,223.3739544209186,63207.11918517244,0.3999098959605035,0.4245908120988606,30.631890862593533,32.7100832377724,0.0,2.3177814465171367e-05,27226.657274512538,0.0464051802630388,0.2552657571882794,0.6368762805124664,cruise,15,GTF2035_wi,0,43031,1.237,3.16,3.16,11.886473394686112,1.7826955067279295,0.7223456600858149,16.354992922637866,11.800322008070976,24.77506122936864,1528115141158131.8,13.621883417428,763.772404486468,1103.48763605065,0.00231778144652,0.0157243788910801,0.185608528456038,16.3550416188862,11.8038702667822,11.803596685208207,15.105303373642595,0.5616231348080507,312123137322444.06,0.4245908120988606,0.0011013387394357495,4.15697812293406e-06,3.16,35.8,2023-02-06 04:35:00,2.3177814465171364e-05,0.04640520096609389,0.0,215,272.26657274512536,2.3177814465171364e-05,61.53396,12.709414,0.04640520096609389,0.0,0.0,0.3986093214458182,998.5404953606762,10011.616861396038,-0.6686348343189287,-0.7435909213642262,2.100555016276065,233.8177547036359,0.032821035836838416,inf,0.0,224.22569284135133,,,,,,,,,,,,,,0.0,0 days 00:00:00,,,,,,,,,,,,,,,,,,,,,0.0,,,,,,,,,,,,,,,,,,0.0,0.0,3.2683693e-05,-9.1634575e-08,99794.09,0.061148133,-201.7532,0.0,0.0,0.9999999999999999,-4.680111907474134e-13,1.8855577e-12,2.2282824e-16,0.0,0.0,0.0,7.480000000000001e-16,1.9398933877207342e-14,1.4175465877222519e-12,974.9844408867505,3.9772244362506417e-14,6.02158086445101e-14,0.0,3.2683693e-05,-9.1634575e-08,99794.09,0.061148133,-201.7532,0.0,0.0,0.0,-4.680111907474134e-13,1.8855577e-12,2.2282824e-16,0.0,0.0,0.0,7.480000000000001e-16,1.9398933877207342e-14,1.4175465877222519e-12,974.9844408867505,3.9772244362506417e-14,6.02158086445101e-14,0.0
216,216,216,124.50130211462329,27.67334664505368,9806.94,885974.0,,166.09808728819672,0.71336308239898,34610D,238.03111,61.246445,12.485143,223.0670811704242,63176.487294309845,0.3997185004272443,0.4234118511445072,30.55256594785683,32.6484985258952,0.0,2.2614243966657285e-05,27226.657274512538,0.0448893184788428,0.2546047162321402,0.6358258504879218,cruise,15,GTF2035_wi,0,43031,1.237,3.16,3.16,11.860559347852028,1.7788156845951308,0.721233433059576,16.324198936438997,11.785290371521068,24.719317323477267,1525484014587223.2,13.5907781992852,763.613695404218,1103.31175078864,0.00226142439667,0.0157219266178552,0.18517335793619,16.3242492629476,11.7780321990493,11.7777658537789,15.105428754085068,0.5611461314777139,311309772722183.06,0.4234118511445072,0.0011000533946227376,4.143473784820503e-06,3.16,35.8,2023-02-06 04:36:00,2.2614243966657285e-05,0.04488935680860001,0.0,216,272.26657274512536,2.2614243966657285e-05,61.246445,12.485143,0.04488935680860001,0.0,0.0,0.39847680954178166,998.9189611564002,10014.667580894278,-0.6684314824360619,-0.7437737245213283,2.099884248336351,233.81432693441707,0.03177379789664727,inf,0.0,224.21890593200843,,,,,,,,,,,,,,0.0,0 days 00:00:00,,,,,,,,,,,,,,,,,,,,,0.0,,,,,,,,,,,,,,,,,,0.0,0.0,3.1942272e-05,-7.050842e-08,99817.26,0.059083596,-203.84552,0.0,0.0,1.0,-4.679160292595544e-13,1.8883786e-12,2.2095765e-16,0.0,0.0,0.0,7.48e-16,1.9434971096629472e-14,1.420462572329357e-12,975.9790464071214,3.969701217919208e-14,6.004860745879493e-14,0.0,3.1942272e-05,-7.050842e-08,99817.26,0.059083596,-203.84552,0.0,0.0,0.0,-4.679160292595544e-13,1.8883786e-12,2.2095765e-16,0.0,0.0,0.0,7.48e-16,1.9434971096629472e-14,1.420462572329357e-12,975.9790464071214,3.969701217919208e-14,6.004860745879493e-14,0.0
217,217,217,124.42570673266624,27.61312664026157,9806.94,885974.0,,166.1571218965246,0.713624458253592,34610D,238.12854,60.94919,12.244271,222.7382436667509,63145.93472836199,0.3995107056908176,0.421882220669467,30.45079012751816,32.5616416830632,0.0,2.199656323013405e-05,27226.657274512538,0.0432039370839109,0.2537565843959846,0.6344726389877756,cruise,15,GTF2035_wi,0,43031,1.237,3.16,3.16,11.82796160267802,1.773934065896426,0.7200227971104028,16.28073932438764,11.766278937396509,24.64423178771288,1521939958154838.5,13.5513564023202,763.408594688816,1103.04781009092,0.00219965632301,0.0157173490385076,0.18460836070312,16.2808208415316,11.745515115229,11.745256759946026,15.105607799310071,0.5605296971633429,310212983778545.0,0.421882220669467,0.0010984066064022905,4.125426681275439e-06,3.16,35.8,2023-02-06 04:37:00,2.1996563230134048e-05,0.04320394421748969,0.0,217,272.26657274512536,2.1996563230134048e-05,60.94919,12.244271,0.04320394421748969,0.0,0.0,0.39831377324401723,999.2847283419663,10017.712933908324,-0.6682286133823789,-0.7439559934949533,2.0991564810535968,233.81060679041906,0.030610324299132477,inf,0.0,224.21144962124833,,,,,,,,,,,,,,0.0,0 days 00:00:00,,,,,,,,,,,,,,,,,,,,,0.0,,,,,,,,,,,,,,,,,,0.0,0.0,3.0988234e-05,-5.0980372e-08,99840.94,0.05683882,-205.41829,0.0,0.0,1.0,-4.678184964818516e-13,1.891552e-12,2.1993083e-16,0.0,0.0,0.0,7.480000000000001e-16,1.947646623911793e-14,1.423733492642611e-12,976.973651927492,3.9585333830076274e-14,5.983167404112036e-14,0.0,3.0988234e-05,-5.0980372e-08,99840.94,0.05683882,-205.41829,0.0,0.0,0.0,-4.678184964818516e-13,1.891552e-12,2.1993083e-16,0.0,0.0,0.0,7.480000000000001e-16,1.947646623911793e-14,1.423733492642611e-12,976.973651927492,3.9585333830076274e-14,5.983167404112036e-14,0.0
218,218,218,124.35011135070918,27.55290663546946,9806.94,885974.0,,166.21615650485245,0.713876757781658,34610D,238.21843,60.68189,11.9919405,222.36495475707443,63115.48393823447,0.39853267263037273,0.421882220669467,30.39519727604,32.5364563925216,0.0,2.1418850409874228e-05,27226.657274512538,0.0416610909005514,0.2532933106336666,0.63397840219526,cruise,15,GTF2035_wi,0,43031,1.237,3.16,3.16,11.80692782846664,1.7707862834490378,0.7186805467588421,16.268209791093717,11.754993448875762,24.617346010904857,1520670942634524.0,13.5275270506701,763.36036521302,1103.10921422271,0.00214188504099,0.0157210531463785,0.184322660406548,16.2682281962608,11.7245746000806,11.724323478549856,15.105668213777705,0.5603847425063758,309740739854515.2,0.421882220669467,0.0010976717430849037,4.11833522610572e-06,3.16,35.8,2023-02-06 04:38:00,2.141885040987423e-05,0.04166110007282509,0.0,218,272.26657274512536,2.141885040987423e-05,60.68189,11.9919405,0.04166110007282509,0.0,0.0,0.39816347242523964,999.6377858191387,10020.752911876483,-0.6680262269609157,-0.7441377292493393,2.0957420436312777,233.79313788647568,0.02954348029556385,inf,0.0,224.19183737937723,,,,,,,,,,,,,,0.0,0 days 00:00:00,,,,,,,,,,,,,,,,,,,,,0.0,,,,,,,,,,,,,,,,,,0.0,0.0,3.0152853e-05,-3.4457013e-08,99864.05,0.054822817,-207.10445,0.0,0.0,1.0,-4.67723636475716e-13,1.8944063e-12,2.1933169e-16,0.0,0.0,0.0,7.480000000000003e-16,1.9514206799319504e-14,1.4266827004806892e-12,977.968257447863,3.9640794785517206e-14,5.983167404112038e-14,0.0,3.0152853e-05,-3.4457013e-08,99864.05,0.054822817,-207.10445,0.0,0.0,0.0,-4.67723636475716e-13,1.8944063e-12,2.1933169e-16,0.0,0.0,0.0,7.480000000000003e-16,1.9514206799319504e-14,1.4266827004806892e-12,977.968257447863,3.9640794785517206e-14,5.983167404112038e-14,0.0
219,219,219,124.27451596875213,27.49268663067735,9806.94,885974.0,,166.2751911131803,0.7141199731860056,34610D,238.29709,60.434883,11.740061,222.0086482088377,63085.088740958425,0.39905336581188033,0.4195954994328127,30.29449845102237,32.4543821654202,0.0,2.091029043658815e-05,27226.657274512538,0.0403266341123427,0.2524541537585197,0.63244054762672,cruise,15,GTF2035_wi,0,43031,1.237,3.16,3.16,11.775246279123342,1.7660407180488429,0.7174105166702853,16.227110650910404,11.73597691029233,24.540737505885524,1517055001664999.8,13.4887581132695,763.10134524389,1102.7813324246,0.00209102904366,0.0157154408726966,0.183760497016878,16.2271910827101,11.6929902575076,11.692745758797782,15.105820764380198,0.5596062527933287,308704050644051.9,0.4195954994328127,0.0010958636468725589,4.100199906322011e-06,3.16,35.8,2023-02-06 04:39:00,2.0910290436588152e-05,0.04032665712081737,0.0,219,272.26657274512536,2.0910290436588152e-05,60.434883,11.740061,0.04032665712081737,0.0,0.0,0.3980320417865316,999.9781226785894,10023.78750626313,-0.6678243229743148,-0.7443189327458345,2.0975569895894672,233.8024266234708,0.028619448925822126,inf,0.0,224.19705076718282,,,,,,,,,,,,,,0.0,0 days 00:00:00,,,,,,,,,,,,,,,,,,,,,0.0,,,,,,,,,,,,,,,,,,0.0,0.0,2.9429977e-05,-1.9518541e-08,99886.75,0.053042687,-208.92046,0.0,0.0,1.0000000000000002,-4.676305715030829e-13,1.8968759e-12,2.191296e-16,0.0,0.0,0.0,7.480000000000001e-16,1.9547318583741885e-14,1.4292453073511922e-12,978.962317807975,3.9431687830342255e-14,5.950736940596105e-14,0.0,2.9429977e-05,-1.9518541e-08,99886.75,0.053042687,-208.92046,0.0,0.0,0.0,-4.676305715030829e-13,1.8968759e-12,2.191296e-16,0.0,0.0,0.0,7.480000000000001e-16,1.9547318583741885e-14,1.4292453073511922e-12,978.962317807975,3.9431687830342255e-14,5.950736940596105e-14,0.0
220,220,220,124.19892058679508,27.43246662588524,9806.94,885974.0,,166.3342257215082,0.7143540968045393,34610D,238.35626,60.120144,11.543557,221.61296477568823,63054.79424250741,0.39890871874815137,0.415933188174055,30.062959038339084,32.2168725127118,0.0,2.0587472365214826e-05,27226.657274512538,0.0394504334651117,0.2505246586528257,0.6279529588464584,cruise,15,GTF2035_wi,0,43031,1.237,3.16,3.16,11.71120628128592,1.7564398380572086,0.7160429819991475,16.108012203120794,11.694016755550628,24.325586996193444,1506899842751334.2,13.4054665050304,762.247093117629,1101.39268030511,0.00205874723652,0.0156850356337843,0.182401859901502,16.1084362563559,11.6290370108324,11.628797603283104,15.106284463241082,0.5570529026868734,306302266864319.1,0.415933188174055,0.0010907123851066306,4.054028986140576e-06,3.16,35.8,2023-02-06 04:40:00,2.058747236521482e-05,0.03945043029837914,0.0,220,272.26657274512536,2.058747236521482e-05,60.120144,11.543557,0.03945043029837914,0.0,0.0,0.3979332335743517,1000.305728200148,10024.889410460748,-0.6680487711351039,-0.7441174903097478,2.0970516479712673,233.7998410431158,0.028014000856504094,inf,0.0,224.19258528739425,,,,,,,,,,,,,,0.0,0 days 00:00:00,,,,,,,,,,,,,,,,,,,,,0.0,,,,,,,,,,,,,,,,,,0.0,0.0,2.8714734e-05,-2.6506317e-09,99910.58,0.05132109,-211.03096,0.0,0.0,1.0000000000000002,-4.675315577660811e-13,1.8989628e-12,2.188505e-16,0.0,0.0,0.0,7.48e-16,1.9575455845908317e-14,1.4314311810442802e-12,979.9524343504274,3.896328303419189e-14,5.898797749339502e-14,0.0,2.8714734e-05,-2.6506317e-09,99910.58,0.05132109,-211.03096,0.0,0.0,0.0,-4.675315577660811e-13,1.8989628e-12,2.188505e-16,0.0,0.0,0.0,7.48e-16,1.9575455845908317e-14,1.4314311810442802e-12,979.9524343504274,3.896328303419189e-14,5.898797749339502e-14,0.0
221,221,221,124.1233785455574,27.372219827741663,9806.94,885974.0,,166.39326032983607,0.7145792864903708,34610D,238.40993,59.809364,11.328546,221.0314144251438,63024.73128346907,0.39850866677623364,0.4170937800977287,30.12326507971403,32.3592852466398,0.0,2.026560294359689e-05,27226.657274512538,0.038608675158769,0.2510272089976169,0.6293981594582395,cruise,15,GTF2035_wi,0,43031,1.237,3.16,3.16,11.719648644943623,1.7577097909954664,0.7140835528304075,16.179617067022185,11.701745854568198,24.42105761976933,1511406080525938.5,13.4210285629846,762.537582195884,1102.23967494673,0.00202656029436,0.0157097709622579,0.182824540317588,16.1796426233199,11.6376324490545,11.637396610195502,15.10600427860586,0.557920665907706,307420936584077.1,0.4170937800977287,0.0010921847050049819,4.073721573187475e-06,3.16,35.8,2023-02-06 04:41:00,2.0265602943596892e-05,0.03860865956840912,0.0,221,272.26657274512536,2.0265602943596892e-05,59.809364,11.328546,0.03860865956840912,0.0,0.0,0.39784365225260915,1000.6208234335472,10001.222371345755,-0.6738050736717568,-0.7389091437343284,2.0956563168161533,233.79269896803743,0.02743082226946413,inf,0.0,224.18405699873898,,,,,,,,,,,,,,0.0,0 days 00:00:00,,,,,,,,,,,,,,,,,,,,,0.0,,,,,,,,,,,,,,,,,,0.0,0.0,2.8024611e-05,9.464918e-09,99934.49,0.04978275,-213.36452,0.0,0.0,1.0,-4.674321763921752e-13,1.900903e-12,2.1835774e-16,0.0,0.0,0.0,7.48e-16,1.9601478004417497e-14,1.433470790255291e-12,980.942991419921,3.918049351309275e-14,5.915257356848396e-14,0.0,2.8024611e-05,9.464918e-09,99934.49,0.04978275,-213.36452,0.0,0.0,0.0,-4.674321763921752e-13,1.900903e-12,2.1835774e-16,0.0,0.0,0.0,7.48e-16,1.9601478004417497e-14,1.433470790255291e-12,980.942991419921,3.918049351309275e-14,5.915257356848396e-14,0.0
222,222,222,124.0485832743909,27.31159792267757,9806.94,885974.0,,166.45229493816393,0.7147976377452004,34610D,238.45395,59.508038,11.094244,220.63912946633567,62994.60801838935,0.39829404339892865,0.4159478705474769,30.04580683101719,32.3103468515758,0.0,1.995563256606781e-05,27226.657274512538,0.0378374376698942,0.2503817235918099,0.627981537022086,cruise,15,GTF2035_wi,0,43031,1.237,3.16,3.16,11.695061547227828,1.7540258497331,0.712750427863305,16.15512524741025,11.686490363855423,24.36348211301622,1508688501927359.5,13.3908107837933,762.268909477722,1101.95388303681,0.00199556325661,0.0157059801704135,0.182396550845392,16.1551734257879,11.6131912091031,11.61295946515101,15.106033900742457,0.5571180735876688,306829451301823.6,0.4159478705474769,0.0010904783200408308,4.0613734427533e-06,3.16,35.8,2023-02-06 04:42:00,1.9955632566067812e-05,0.037837440814767094,0.0,222,272.26657274512536,1.9955632566067812e-05,59.508038,11.094244,0.037837440814767094,0.0,0.0,0.39777020797721696,1000.9263427046432,10004.20541210323,-0.6736044919310101,-0.7390920026967993,2.094908254005561,233.7888682371513,0.026894599812819744,inf,0.0,224.17870353384194,,,,,,,,,,,,,,0.0,0 days 00:00:00,,,,,,,,,,,,,,,,,,,,,0.0,,,,,,,,,,,,,,,,,,0.0,0.0,2.7370592e-05,1.8927798e-08,99958.56,0.048546255,-215.82922,0.0,0.0,0.9999999999999999,-4.673322009817817e-13,1.902613e-12,2.1778367e-16,0.0,0.0,0.0,7.480000000000001e-16,1.9624433917594144e-14,1.4352807879458964e-12,981.9397158679868,3.906106345579943e-14,5.899005975933963e-14,0.0,2.7370592e-05,1.8927798e-08,99958.56,0.048546255,-215.82922,0.0,0.0,0.0,-4.673322009817817e-13,1.902613e-12,2.1778367e-16,0.0,0.0,0.0,7.480000000000001e-16,1.9624433917594144e-14,1.4352807879458964e-12,981.9397158679868,3.906106345579943e-14,5.899005975933963e-14,0.0
223,223,223,123.9737880032244,27.25097601761348,9806.94,885974.0,,166.5113295464918,0.7150067867414158,34610D,238.49673,59.211006,10.839862,220.2389924208072,62964.56221155834,0.39808778532926375,0.4144797850577019,29.948764196518614,32.2380996592624,0.0,1.965202000199749e-05,27226.657274512538,0.0370896514397253,0.2495730349709884,0.6261382128330157,cruise,15,GTF2035_wi,0,43031,1.237,3.16,3.16,11.665579114095715,1.749607614920272,0.7113940091977231,16.118973055134376,11.667780105790628,24.28537336296203,1505001749009677.0,13.3539453139654,761.915518158293,1101.51675414134,0.0019652020002,0.0156986437256853,0.181850937347012,16.1190498296312,11.5838629454006,11.583635303567918,15.106097618715433,0.5560624057071274,306024640955632.4,0.4144797850577019,0.0010883012298854642,4.04477815724203e-06,3.16,35.8,2023-02-06 04:43:00,1.965202000199749e-05,0.037089717494364925,0.0,223,272.26657274512536,1.965202000199749e-05,59.211006,10.839862,0.037089717494364925,0.0,0.0,0.39769885853147285,1001.2189759690378,10007.183076820238,-0.6734043925271785,-0.7392743226469465,2.094189840552175,233.7851881973693,0.02637428883669483,inf,0.0,224.1735434381998,,,,,,,,,,,,,,0.0,0 days 00:00:00,,,,,,,,,,,,,,,,,,,,,0.0,,,,,,,,,,,,,,,,,,0.0,0.0,2.6747526e-05,2.4401565e-08,99982.25,0.047485773,-218.44571,0.0,0.0,1.0,-4.672339972403992e-13,1.9043155e-12,2.1710988e-16,0.0,0.0,0.0,7.480000000000003e-16,1.964716849913843e-14,1.437081431494636e-12,982.9364403160529,3.889422321703289e-14,5.878185470071136e-14,0.0,2.6747526e-05,2.4401565e-08,99982.25,0.047485773,-218.44571,0.0,0.0,0.0,-4.672339972403992e-13,1.9043155e-12,2.1710988e-16,0.0,0.0,0.0,7.480000000000003e-16,1.964716849913843e-14,1.437081431494636e-12,982.9364403160529,3.889422321703289e-14,5.878185470071136e-14,0.0
224,224,224,123.8989927320579,27.190354112549382,9806.94,885974.0,,166.57036415481969,0.7152067262369246,34610D,238.53214,58.842087,10.630297,219.80869351276007,62934.613447361815,0.39783207325638886,0.4141714122408736,29.922199101377817,32.2564438056084,0.0,1.953625311017984e-05,27226.657274512538,0.0367303048215217,0.2493516591781484,0.6256790921202465,cruise,15,GTF2035_wi,0,43031,1.237,3.16,3.16,11.654072202213994,1.7478831534277923,0.7099514031604809,16.128222773485007,11.661130595020346,24.28078881706224,1504785357274300.8,13.3413041508822,761.82710905095,1101.59355593806,0.00195362531102,0.0157039214303643,0.181734045711051,16.1282219028042,11.5725264238561,11.572300344467504,15.105978766374886,0.5557983056858812,306063841083205.06,0.4141714122408736,0.001087691363044418,4.043804901773341e-06,3.16,35.8,2023-02-06 04:44:00,1.9536253110179836e-05,0.03673030053954561,0.0,224,272.26657274512536,1.9536253110179836e-05,58.842087,10.630297,0.03673030053954561,0.0,0.0,0.39763982029628747,1001.4987130948189,10010.155356960548,-0.6732047752799152,-0.7394561045392206,2.0933003287268153,233.78063016621851,0.026127865688921576,inf,0.0,224.16854110968737,,,,,,,,,,,,,,0.0,0 days 00:00:00,,,,,,,,,,,,,,,,,,,,,0.0,,,,,,,,,,,,,,,,,,0.0,0.0,2.63282e-05,1.9579288e-08,100005.195,0.04656866,-221.26924,0.0,0.0,1.0,-4.671384534315417e-13,1.9059832e-12,2.1646787e-16,0.0,0.0,0.0,7.48e-16,1.966945019772335e-14,1.438844793789711e-12,983.9286999119329,3.889116913076105e-14,5.873812102113049e-14,0.0,2.63282e-05,1.9579288e-08,100005.195,0.04656866,-221.26924,0.0,0.0,0.0,-4.671384534315417e-13,1.9059832e-12,2.1646787e-16,0.0,0.0,0.0,7.48e-16,1.966945019772335e-14,1.438844793789711e-12,983.9286999119329,3.889116913076105e-14,5.873812102113049e-14,0.0
225,225,225,123.8241974608914,27.129732207485297,9806.94,885974.0,,166.62939876314755,0.7153974491282336,34610D,238.56789,58.477993,10.404528,219.43601576202693,62904.69124826044,0.39763233735009823,0.4131384370340997,29.8523094765805,32.2144579161612,0.0,1.943040425855004e-05,27226.657274512538,0.0363903950550157,0.2487692456381708,0.6243505017845804,cruise,15,GTF2035_wi,0,43031,1.237,3.16,3.16,11.631966974502564,1.7445690323547478,0.7086946167922913,16.107188374167322,11.64721619945624,24.22854801389809,1502319578045292.0,13.3142215452506,761.570518322027,1101.33292829515,0.00194304042586,0.0157007170728159,0.181353441862217,16.1072289580806,11.5506470832603,11.550422653878778,15.10588412234721,0.5550318052766285,305571572989840.0,0.4131384370340997,0.0010861205105495147,4.032969079912851e-06,3.16,35.8,2023-02-06 04:45:00,1.9430404258550038e-05,0.03639036879346726,0.0,225,272.26657274512536,1.9430404258550038e-05,58.477993,10.404528,0.03639036879346726,0.0,0.0,0.397580232966343,1001.7655441441599,10013.122244017704,-0.6730056400084138,-0.7396373493252388,2.0926060312943777,233.77707126062862,0.025895219287642875,inf,0.0,224.16449515832826,,,,,,,,,,,,,,0.0,0 days 00:00:00,,,,,,,,,,,,,,,,,,,,,0.0,,,,,,,,,,,,,,,,,,0.0,0.0,2.5914549e-05,1.37475995e-08,100027.984,0.045726713,-224.12878,0.0,0.0,1.0000000000000002,-4.670436469912182e-13,1.907604e-12,2.1566379e-16,0.0,0.0,0.0,7.480000000000003e-16,1.969094841214423e-14,1.4405603561979285e-12,984.9208864470448,3.8784332964868113e-14,5.859162365092567e-14,0.0,2.5914549e-05,1.37475995e-08,100027.984,0.045726713,-224.12878,0.0,0.0,0.0,-4.670436469912182e-13,1.907604e-12,2.1566379e-16,0.0,0.0,0.0,7.480000000000003e-16,1.969094841214423e-14,1.4405603561979285e-12,984.9208864470448,3.8784332964868113e-14,5.859162365092567e-14,0.0
226,226,226,123.7494021897249,27.069110302421205,9806.94,885974.0,,166.6884333714754,0.7155789484505594,34610D,238.60399,58.119343,10.162936,219.0588917249852,62874.83893878386,0.39741046877266784,0.4126721818373112,29.816901834271047,32.215512901884,0.0,1.9331426607305456e-05,27226.657274512538,0.0360639806006604,0.2484741819522587,0.623743973421367,cruise,15,GTF2035_wi,0,43031,1.237,3.16,3.16,11.618574276925484,1.7425615379229065,0.707423102209996,16.107750400690453,11.639280122534585,24.21259428898897,1501566558161914.0,13.2988994233236,761.456303114657,1101.33206702999,0.00193314266073,0.0157036942369754,0.181180391197274,16.107756450942,11.5374375266854,11.53721449587012,15.105765515255316,0.5546906160077898,305465030902590.1,0.4126721818373112,0.0010853525121114883,4.029630409001115e-06,3.16,35.8,2023-02-06 04:46:00,1.9331426607305456e-05,0.03606400989253939,0.0,226,272.26657274512536,1.9331426607305456e-05,58.119343,10.162936,0.03606400989253939,0.0,0.0,0.39752008038293446,1002.0194593734798,10016.083729507896,-0.6728069865307912,-0.7398180579543566,2.091835372144442,233.7731197083029,0.02567215573810435,inf,0.0,224.16012590674453,,,,,,,,,,,,,,0.0,0 days 00:00:00,,,,,,,,,,,,,,,,,,,,,0.0,,,,,,,,,,,,,,,,,,0.0,0.0,2.550332e-05,7.0873263e-09,100050.66,0.044958036,-227.01503,0.0,0.0,1.0000000000000002,-4.669493900362414e-13,1.909177e-12,2.1471904e-16,0.0,0.0,0.0,7.480000000000001e-16,1.97116785889967e-14,1.4422276575588821e-12,985.9130729821559,3.875797516273004e-14,5.852549896591295e-14,0.0,2.550332e-05,7.0873263e-09,100050.66,0.044958036,-227.01503,0.0,0.0,0.0,-4.669493900362414e-13,1.909177e-12,2.1471904e-16,0.0,0.0,0.0,7.480000000000001e-16,1.97116785889967e-14,1.4422276575588821e-12,985.9130729821559,3.875797516273004e-14,5.852549896591295e-14,0.0
227,227,227,123.6746069185584,27.008488397357112,9806.94,885974.0,,166.74746797980328,0.7157512173779965,34610D,238.65674,57.831005,9.914675,218.71829270433483,62845.02203694959,0.3972331767563313,0.4111459700335867,29.717026268797884,32.1320092131248,0.0,1.9227382050308484e-05,27226.657274512538,0.0356660189271894,0.2476418855733157,0.6219700109573342,cruise,15,GTF2035_wi,0,43031,1.237,3.16,3.16,11.588249697836664,1.7380146429712648,0.70624515633464,16.06591661000374,11.620276902841177,24.130350052277613,1497684609219602.5,13.2612435288411,761.124953285963,1100.90393922572,0.00192273820503,0.0156960602188416,0.18062024605339,16.0660046065624,11.5073619452971,11.507140693106688,15.105715151314364,0.5537007915493385,304574251639295.7,0.4111459700335867,0.0010832511477265484,4.012271976542582e-06,3.16,35.8,2023-02-06 04:47:00,1.9227382050308484e-05,0.0356660597041888,0.0,227,272.26657274512536,1.9227382050308484e-05,57.831005,9.914675,0.0356660597041888,0.0,0.0,0.397432217018002,1002.2604492336781,10019.039804959399,-0.6726088146658058,-0.739998231372116,2.091219912204998,233.76996301432692,0.02540213529618824,inf,0.0,224.15631566315068,,,,,,,,,,,,,,0.0,0 days 00:00:00,,,,,,,,,,,,,,,,,,,,,0.0,,,,,,,,,,,,,,,,,,0.0,0.0,2.5064928e-05,1.2479733e-08,100071.64,0.04400366,-228.7653,0.0,0.0,1.0,-4.668630799037121e-13,1.9109718e-12,2.1427907e-16,0.0,0.0,0.0,7.479999999999999e-16,1.97356915450181e-14,1.4441086512619396e-12,986.9052595172676,3.8590136586474655e-14,5.830905038693929e-14,0.0,2.5064928e-05,1.2479733e-08,100071.64,0.04400366,-228.7653,0.0,0.0,0.0,-4.668630799037121e-13,1.9109718e-12,2.1427907e-16,0.0,0.0,0.0,7.479999999999999e-16,1.97356915450181e-14,1.4441086512619396e-12,986.9052595172676,3.8590136586474655e-14,5.830905038693929e-14,0.0
228,228,228,123.59981164739192,26.94786649229302,9806.94,885974.0,,166.80650258813114,0.7159142492236547,34610D,238.69196,57.516903,9.70578,218.3307406840534,62815.30501068079,0.39702692488337593,0.4100060993897345,29.64055229653772,32.0831371742556,0.0,1.923849427312961e-05,27226.657274512538,0.0355512070687142,0.2470046024711476,0.6204889909694158,cruise,15,GTF2035_wi,0,43031,1.237,3.16,3.16,11.564352072972971,1.7344303302248174,0.7049417139502667,16.041572350632308,11.605090948260088,24.07134729299927,1494899663937930.2,13.2317277263409,760.834691808601,1100.59195053799,0.00192384942731,0.0156917933474343,0.180199394145663,16.0415685871278,11.4836711238698,11.4834501995789,15.10566270909877,0.5528399955571491,303976422353808.75,0.4100060993897345,0.0010815408271689722,3.999508529320376e-06,3.16,35.8,2023-02-06 04:48:00,1.9238494273129615e-05,0.035551184277060006,0.0,228,272.26657274512536,1.9238494273129615e-05,57.516903,9.70578,0.035551184277060006,0.0,0.0,0.39737357422717084,1002.4885043703232,10021.99046193574,-0.6724111242309116,-0.7401778705220263,2.0905046133636684,233.76629321374583,0.02532914755901215,inf,0.0,224.15272576741782,,,,,,,,,,,,,,0.0,0 days 00:00:00,,,,,,,,,,,,,,,,,,,,,0.0,,,,,,,,,,,,,,,,,,0.0,0.0,2.4791843e-05,2.1662668e-08,100093.22,0.043402538,-229.58424,0.0,0.0,1.0,-4.667733167402049e-13,1.9123373e-12,2.1461324e-16,0.0,0.0,0.0,7.48e-16,1.9754943613722012e-14,1.4455638749801289e-12,987.8935273020309,3.8461106347618276e-14,5.814739302033165e-14,0.0,2.4791843e-05,2.1662668e-08,100093.22,0.043402538,-229.58424,0.0,0.0,0.0,-4.667733167402049e-13,1.9123373e-12,2.1461324e-16,0.0,0.0,0.0,7.48e-16,1.9754943613722012e-14,1.4455638749801289e-12,987.8935273020309,3.8461106347618276e-14,5.814739302033165e-14,0.0
229,229,229,123.5250163762254,26.887244587228928,9806.94,885974.0,,166.865537196459,0.7160680374397931,34610D,238.72142,57.198303,9.483462,217.93177057025645,62785.66445838425,0.3968434461921323,0.4082150809191873,29.524556684484622,31.986678776139,0.0,1.9266356674475065e-05,27226.657274512538,0.035489562014174,0.2460379723707052,0.6181188691718977,cruise,15,GTF2035_wi,0,43031,1.237,3.16,3.16,11.530515036681464,1.7293551044868825,0.7036101271121455,15.993307045429043,11.582919375782662,23.970107996383803,1490121143325038.5,13.1886687520921,760.361612316374,1099.96088279351,0.00192663566745,0.0156801591704641,0.179538890295515,15.9933393880695,11.4500680983968,11.449847501550966,15.105665827413263,0.5514472589343856,302863047121244.25,0.4082150809191873,0.0010789416349729873,3.9769381444199855e-06,3.16,35.8,2023-02-06 04:49:00,1.9266356674475065e-05,0.035489603937754834,0.0,229,272.26657274512536,1.9266356674475065e-05,57.198303,9.483462,0.035489603937754834,0.0,0.0,0.39732453537051216,1002.7036156238444,10024.93569200633,-0.672213915044212,-0.7403569763437992,2.0898687373959475,233.7630299549238,0.025292648129875188,inf,0.0,224.1496325323916,,,,,,,,,,,,,,0.0,0 days 00:00:00,,,,,,,,,,,,,,,,,,,,,0.0,,,,,,,,,,,,,,,,,,0.0,0.0,2.4535746e-05,3.194406e-08,100115.36,0.042941332,-230.19812,0.0,0.0,1.0,-4.666808467726959e-13,1.9135468e-12,2.149391e-16,0.0,0.0,0.0,7.480000000000001e-16,1.9772197597457277e-14,1.4468660385766588e-12,988.8811570343867,3.8235482109428635e-14,5.78933893480239e-14,0.0,2.4535746e-05,3.194406e-08,100115.36,0.042941332,-230.19812,0.0,0.0,0.0,-4.666808467726959e-13,1.9135468e-12,2.149391e-16,0.0,0.0,0.0,7.480000000000001e-16,1.9772197597457277e-14,1.4468660385766588e-12,988.8811570343867,3.8235482109428635e-14,5.78933893480239e-14,0.0
230,230,230,123.45022110505892,26.826622682164835,9806.94,885974.0,,166.9245718047869,0.7162125756179872,34610D,238.73679,56.89183,9.239582,217.4757149663631,62756.13990169977,0.3966715062578003,0.4055909730807918,29.35775966118324,31.8339080491358,0.0,1.929929342196313e-05,27226.657274512538,0.0354913601300256,0.2446479971765269,0.6145187382542623,cruise,15,GTF2035_wi,0,43031,1.237,3.16,3.16,11.483809604316544,1.722349811236326,0.7021150938652936,15.9167710119166,11.551526986306303,23.81495696415372,1482797975045443.2,13.1280264287657,759.625937947645,1098.90016024665,0.0019299293422,0.0156590414932184,0.178570165326423,15.9169540245679,11.4036459641389,11.403425886076707,15.105722670603146,0.5492814482142161,301180453332207.1,0.4055909730807918,0.0010750569362021332,3.942490946203818e-06,3.16,35.8,2023-02-06 04:50:00,1.9299293421963135e-05,0.03549133792084243,0.0,230,272.26657274512536,1.9299293421963135e-05,56.89183,9.239582,0.03549133792084243,0.0,0.0,0.39729895540812493,1002.9057740297604,10020.258745722544,-0.6737009575857049,-0.7390040728900649,2.089273214248942,233.75997298651998,0.025297732525762312,inf,0.0,224.14687167753,,,,,,,,,,,,,,0.0,0 days 00:00:00,,,,,,,,,,,,,,,,,,,,,0.0,,,,,,,,,,,,,,,,,,0.0,0.0,2.4252307e-05,4.4095284e-08,100137.09,0.042554747,-230.34033,0.0,0.0,0.9999999999999998,-4.665902890273075e-13,1.914461e-12,2.1519813e-16,0.0,0.0,0.0,7.48e-16,1.978551658067584e-14,1.4478706497379973e-12,989.8687867667425,3.787919676316845e-14,5.752123627509635e-14,0.0,2.4252307e-05,4.4095284e-08,100137.09,0.042554747,-230.34033,0.0,0.0,0.0,-4.665902890273075e-13,1.914461e-12,2.1519813e-16,0.0,0.0,0.0,7.48e-16,1.978551658067584e-14,1.4478706497379973e-12,989.8687867667425,3.787919676316845e-14,5.752123627509635e-14,0.0
231,231,231,123.37563727866495,26.76589519249364,9806.94,885974.0,,166.98360641311476,0.716348388477212,34610D,238.74767,56.580486,8.976115,216.91101673064787,62726.78214203859,0.39631624012726274,0.4063433552138433,29.3939085646154,31.9473515030222,0.0,1.93261327696508e-05,27226.657274512538,0.0354989850703194,0.2449492380384616,0.6150647312852012,cruise,15,GTF2035_wi,0,43031,1.237,3.16,3.16,11.488743628040588,1.7230895112213762,0.7002760414306912,15.973668839992351,11.555230791535845,23.877079896318616,1485730193282901.0,13.1371138147992,759.713904543203,1099.39601816721,0.00193261327697,0.0156756649805968,0.178839423838488,15.9736757515111,11.4087296494186,11.408509167055731,15.105479325560186,0.5495404201232218,302117403826105.4,0.4063433552138433,0.0010755951130399818,3.956244070332811e-06,3.16,35.8,2023-02-06 04:51:00,1.9326132769650798e-05,0.035498981105700114,0.0,231,272.26657274512536,1.9326132769650798e-05,56.580486,8.976115,0.035498981105700114,0.0,0.0,0.397280850047621,1003.0957143561585,10003.03767128074,-0.6780023462380979,-0.7350597380455786,2.0880437313989053,233.7536593058958,0.025305905765787527,inf,0.0,224.14116142349434,,,,,,,,,,,,,,0.0,0 days 00:00:00,,,,,,,,,,,,,,,,,,,,,0.0,,,,,,,,,,,,,,,,,,0.0,0.0,2.3968663e-05,5.342387e-08,100158.95,0.042111073,-230.24347,0.0,0.0,1.0000000000000002,-4.664992080002094e-13,1.915294e-12,2.1541015e-16,0.0,0.0,0.0,7.480000000000001e-16,1.9797743686813212e-14,1.4487948867376518e-12,990.8581366445992,3.7992698181151296e-14,5.762793971111144e-14,0.0,2.3968663e-05,5.342387e-08,100158.95,0.042111073,-230.24347,0.0,0.0,0.0,-4.664992080002094e-13,1.915294e-12,2.1541015e-16,0.0,0.0,0.0,7.480000000000001e-16,1.9797743686813212e-14,1.4487948867376518e-12,990.8581366445992,3.7992698181151296e-14,5.762793971111144e-14,0.0
232,232,232,123.3016187434016,26.704885425605525,9806.94,885974.0,,167.04264102144262,0.7164763033227025,34610D,238.74884,56.244892,8.754629,216.4980288322223,62697.38823347397,0.3961193455478066,0.4053024530106789,29.324071285549643,31.9104388820848,0.0,1.9392441527455893e-05,27226.657274512538,0.0356162714337435,0.2443672607129137,0.6133855903573184,cruise,15,GTF2035_wi,0,43031,1.237,3.16,3.16,11.467846778645198,1.7199546272486788,0.6989410287742929,15.955178667477432,11.541032998521024,23.819831152253723,1483028037966519.0,13.110575755275,759.352653336928,1099.00069288713,0.00193924415275,0.0156700733755108,0.178451564060787,15.9552194410424,11.3880490400046,11.387828202212065,15.105386510020184,0.548476903751738,301619915465066.44,0.4053024530106789,0.0010737845018344014,3.943615815621833e-06,3.16,35.8,2023-02-06 04:52:00,1.9392441527455893e-05,0.035616281515239406,0.0,232,272.26657274512536,1.9392441527455893e-05,56.244892,8.754629,0.035616281515239406,0.0,0.0,0.397278903153996,1003.2745950789408,10005.932387434394,-0.6778065375814328,-0.7352402992300339,2.0873630465720012,233.7501624162295,0.025389818927628892,inf,0.0,224.13827529855635,,,,,,,,,,,,,,0.0,0 days 00:00:00,,,,,,,,,,,,,,,,,,,,,0.0,,,,,,,,,,,,,,,,,,0.0,0.0,2.3723807e-05,5.7897637e-08,100180.695,0.041747704,-229.993,0.0,0.0,0.9999999999999999,-4.664081691150399e-13,1.9159429e-12,2.1571025e-16,0.0,0.0,0.0,7.480000000000001e-16,1.9807660352010967e-14,1.4495346229797328e-12,991.8486801316596,3.7850899722088746e-14,5.748031812793691e-14,0.0,2.3723807e-05,5.7897637e-08,100180.695,0.041747704,-229.993,0.0,0.0,0.0,-4.664081691150399e-13,1.9159429e-12,2.1571025e-16,0.0,0.0,0.0,7.480000000000001e-16,1.9807660352010967e-14,1.4495346229797328e-12,991.8486801316596,3.7850899722088746e-14,5.748031812793691e-14,0.0
233,233,233,123.22760020813824,26.643875658717405,9806.94,885974.0,,167.10167562977048,0.716594862955285,34610D,238.74445,55.90201,8.541157,216.08333483339217,62668.06416218842,0.39591940768703227,0.4044214072442108,29.26411581439289,31.8860771222198,0.0,1.948110493773242e-05,27226.657274512538,0.0357960526575595,0.2438676317866074,0.6118608905166648,cruise,15,GTF2035_wi,0,43031,1.237,3.16,3.16,11.449777698191248,1.7172436004078349,0.6976086249030621,15.943009957279182,11.52855091630328,23.772073990860463,1480773887772275.0,13.0876092473805,759.018240740941,1098.65521186005,0.00194811049377,0.0156656874356051,0.178121466297745,15.9430385611099,11.3701659777093,11.369944478627776,15.105307705923272,0.5474923997155302,301246210757789.3,0.4044214072442108,0.0010721485526211405,3.933049856637666e-06,3.16,35.8,2023-02-06 04:53:00,1.948110493773242e-05,0.03579607896405104,0.0,233,272.26657274512536,1.948110493773242e-05,55.90201,8.541157,0.03579607896405104,0.0,0.0,0.39728620826364297,1003.4403757050159,10008.821685125826,-0.6776112099902515,-0.7354203206979988,2.0866723332649344,233.74661297573718,0.025516882453901452,inf,0.0,224.13549173680212,,,,,,,,,,,,,,0.0,0 days 00:00:00,,,,,,,,,,,,,,,,,,,,,0.0,,,,,,,,,,,,,,,,,,0.0,0.0,2.3498671e-05,5.814841e-08,100202.75,0.04148983,-229.76624,0.0,0.0,1.0,-4.663154639506078e-13,1.916496e-12,2.1568453e-16,0.0,0.0,0.0,7.480000000000002e-16,1.9816033128042663e-14,1.450180661756187e-12,992.8380238851431,3.77278849934195e-14,5.735536751249978e-14,0.0,2.3498671e-05,5.814841e-08,100202.75,0.04148983,-229.76624,0.0,0.0,0.0,-4.663154639506078e-13,1.916496e-12,2.1568453e-16,0.0,0.0,0.0,7.480000000000002e-16,1.9816033128042663e-14,1.450180661756187e-12,992.8380238851431,3.77278849934195e-14,5.735536751249978e-14,0.0
234,234,234,123.15358167287488,26.58286589182929,9806.94,885974.0,,167.16071023809835,0.7167040614266014,34610D,238.74362,55.560177,8.312147,215.67850671525048,62638.800046374025,0.3957096021391953,0.4038783733521924,29.224666596625337,31.8861260139902,0.0,1.9583140589365008e-05,27226.657274512538,0.0359867703294775,0.2435388883052111,0.610805694691798,cruise,15,GTF2035_wi,0,43031,1.237,3.16,3.16,11.4368927739856,1.7153099458187415,0.6963029029310775,15.943052707338095,11.519716366897288,23.7461312958734,1479549385954364.0,13.0717134060749,758.781502843255,1098.47744240756,0.00195831405894,0.0156651314767867,0.177915934734503,15.9430630069951,11.3574491856738,11.35722677550515,15.105204729092748,0.546795448049857,301114870709920.5,0.4038783733521924,0.0010710057874595894,3.927299905241829e-06,3.16,35.8,2023-02-06 04:54:00,1.958314058936501e-05,0.03598679099985278,0.0,234,272.26657274512536,1.958314058936501e-05,55.560177,8.312147,0.03598679099985278,0.0,0.0,0.39728758944213416,1003.5930479142506,10011.70555594878,-0.6774163632982857,-0.7355998033820599,2.0859480382965034,233.7428898490115,0.025652618887083627,inf,0.0,224.13258052151193,,,,,,,,,,,,,,0.0,0 days 00:00:00,,,,,,,,,,,,,,,,,,,,,0.0,,,,,,,,,,,,,,,,,,0.0,0.0,2.3288598e-05,5.448967e-08,100225.51,0.041264936,-229.8716,0.0,0.0,1.0,-4.66219514842009e-13,1.9171264e-12,2.1526048e-16,0.0,0.0,0.0,7.480000000000002e-16,1.9825048879071988e-14,1.450906799855658e-12,993.8273676386266,3.765591305742499e-14,5.727835401150663e-14,0.0,2.3288598e-05,5.448967e-08,100225.51,0.041264936,-229.8716,0.0,0.0,0.0,-4.66219514842009e-13,1.9171264e-12,2.1526048e-16,0.0,0.0,0.0,7.480000000000002e-16,1.9825048879071988e-14,1.450906799855658e-12,993.8273676386266,3.765591305742499e-14,5.727835401150663e-14,0.0
235,235,235,123.07956313761154,26.52185612494117,9806.94,885974.0,,167.21974484642624,0.7168038929309777,34610D,238.74551,55.21062,8.067698,215.3058929102965,62609.5753797774,0.3955194670564381,0.4032433272041257,29.18007203412493,31.8757620044542,0.0,1.967918486675808e-05,27226.657274512538,0.0361558719726488,0.243167266951041,0.6096875419062615,cruise,15,GTF2035_wi,0,43031,1.237,3.16,3.16,11.422767226163764,1.713190293176631,0.6950971376161478,15.93786488260046,11.510126494560463,23.71391767125795,1478028894659116.0,13.0541367042115,758.535272678935,1098.26134950482,0.00196791848668,0.0156633619638927,0.177677160999776,15.9378810022271,11.3434881610576,11.343264934849952,15.10511769958004,0.5460713029819068,300796854868699.25,0.4032433272041257,0.0010698927067312335,3.918949814571082e-06,3.16,35.8,2023-02-06 04:55:00,1.967918486675808e-05,0.03615590924909273,0.0,235,272.26657274512536,1.967918486675808e-05,55.21062,8.067698,0.03615590924909273,0.0,0.0,0.39728444436290716,1003.7326035863202,10014.58399152097,-0.6772219973385634,-0.7357787482122372,2.085292090821019,233.73951706499912,0.02577365436565659,inf,0.0,224.12993653065197,,,,,,,,,,,,,,0.0,0 days 00:00:00,,,,,,,,,,,,,,,,,,,,,0.0,,,,,,,,,,,,,,,,,,0.0,0.0,2.3077691e-05,5.167225e-08,100248.62,0.04102246,-230.38454,0.0,0.0,1.0,-4.661219294426997e-13,1.9178086e-12,2.1494313e-16,0.0,0.0,0.0,7.480000000000001e-16,1.983486976750527e-14,1.4516866641751013e-12,994.8167113921103,3.757781760629397e-14,5.718829125875088e-14,0.0,2.3077691e-05,5.167225e-08,100248.62,0.04102246,-230.38454,0.0,0.0,0.0,-4.661219294426997e-13,1.9178086e-12,2.1494313e-16,0.0,0.0,0.0,7.480000000000001e-16,1.983486976750527e-14,1.4516866641751013e-12,994.8167113921103,3.757781760629397e-14,5.718829125875088e-14,0.0
236,236,236,123.0055446023482,26.46084635805305,9806.94,885974.0,,167.2787794547541,0.7168943518055775,34610D,238.74152,54.848175,7.8781114,214.95336974197843,62580.39530774328,0.3953611321867456,0.402189304120842,29.11063691661929,31.831834596998,0.0,1.980980091739413e-05,27226.657274512538,0.0364115887191959,0.2425886409718274,0.6080067329233922,cruise,15,GTF2035_wi,0,43031,1.237,3.16,3.16,11.402627905454358,1.7101683020294114,0.69396485754129,15.915872150224777,11.496242553132824,23.65362541474723,1475183084779296.5,13.0281901685622,758.170662792724,1097.82379918955,0.00198098009174,0.0156562552085326,0.177283985436267,15.915917298499,11.3235242447791,11.323299932461708,15.105072059810382,0.5450029063889398,299641695058280.44,0.402189304120842,0.001068767485155355,3.897697030981044e-06,3.16,35.8,2023-02-06 04:56:00,1.980980091739413e-05,0.03641156406067297,0.0,236,272.26657274512536,1.980980091739413e-05,54.848175,7.8781114,0.03641156406067297,0.0,0.0,0.3972910840330115,1003.8590348009197,10017.45698347622,-0.677028111944092,-0.7359571561153666,2.0847462568400292,233.73670975257036,0.025954872149246796,inf,0.0,224.12801628034134,,,,,,,,,,,,,,0.0,0 days 00:00:00,,,,,,,,,,,,,,,,,,,,,0.0,,,,,,,,,,,,,,,,,,0.0,0.0,2.2922699e-05,4.9440537e-08,100271.33,0.040899668,-231.6007,0.0,0.0,1.0000000000000002,-4.660257298536501e-13,1.9183238e-12,2.1474854e-16,0.0,0.0,0.0,7.48e-16,1.9842623244965752e-14,1.4522980543123685e-12,995.8030878282843,3.745594473217315e-14,5.70388088618611e-14,0.0,2.2922699e-05,4.9440537e-08,100271.33,0.040899668,-231.6007,0.0,0.0,0.0,-4.660257298536501e-13,1.9183238e-12,2.1474854e-16,0.0,0.0,0.0,7.48e-16,1.9842623244965752e-14,1.4522980543123685e-12,995.8030878282843,3.745594473217315e-14,5.70388088618611e-14,0.0
237,237,237,122.93152606708485,26.39983659116493,9806.94,885974.0,,167.33781406308196,0.7169754325304878,34610D,238.72261,54.494995,7.7051144,214.58726333541955,62551.28467082666,0.39522725933595315,0.4006017008007082,29.00922623604281,31.7495209770276,0.0,1.999416076682008e-05,27226.657274512538,0.0368254710466641,0.2417435519670234,0.6055124001074259,cruise,15,GTF2035_wi,0,43031,1.237,3.16,3.16,11.374783096150288,1.7059900351806312,0.6928103435850296,15.874665705679645,11.476628086113962,23.557493502725688,1470645634021450.8,12.9914011034804,757.626586983829,1097.08156269973,0.00199941607668,0.0156422455150667,0.176692881794223,15.8747604885138,11.2958770289106,11.295651181844905,15.105068798412145,0.5434086305271969,297819573101620.5,0.4006017008007082,0.0010671294504235101,3.864736989298187e-06,3.16,35.8,2023-02-06 04:57:00,1.9994160766820082e-05,0.036825524585709375,0.0,237,272.26657274512536,1.9994160766820082e-05,54.494995,7.7051144,0.036825524585709375,0.0,0.0,0.39732255476131434,1003.9723338378893,10020.32452347493,-0.6768347069474163,-0.7361350280155166,2.0842851076146256,233.73433748072088,0.026245038093737606,inf,0.0,224.12687128659064,,,,,,,,,,,,,,0.0,0 days 00:00:00,,,,,,,,,,,,,,,,,,,,,0.0,,,,,,,,,,,,,,,,,,0.0,0.0,2.2828792e-05,5.5676132e-08,100294.11,0.041015483,-234.88979,0.0,0.0,1.0,-4.659289227142793e-13,1.9184823e-12,2.1526252e-16,0.0,0.0,0.0,7.480000000000001e-16,1.984645715003756e-14,1.4525534333092533e-12,996.7878078653438,3.725746156049466e-14,5.68136536889171e-14,0.0,2.2828792e-05,5.5676132e-08,100294.11,0.041015483,-234.88979,0.0,0.0,0.0,-4.659289227142793e-13,1.9184823e-12,2.1526252e-16,0.0,0.0,0.0,7.480000000000001e-16,1.984645715003756e-14,1.4525534333092533e-12,996.7878078653438,3.725746156049466e-14,5.68136536889171e-14,0.0
238,238,238,122.8575075318215,26.33882682427681,9806.94,885974.0,,167.39684867140983,0.7170471297289033,34610D,238.70683,54.135258,7.511201,214.1708651054324,62522.27544459062,0.39504817417832994,0.3993529737273971,28.927445746000902,31.6977203436786,0.0,2.017506455498028e-05,27226.657274512538,0.0372220519785196,0.2410620478833408,0.6034328859183326,cruise,15,GTF2035_wi,0,43031,1.237,3.16,3.16,11.351575561465149,1.702507315450019,0.6914887960172417,15.84880348058882,11.460230492605126,23.48453011250997,1467201743400039.5,12.961041618043,757.165124737008,1096.5155372969,0.0020175064555,0.0156328352495696,0.17622556284338,15.8488601718393,11.2727832175057,11.272555792964877,15.105134729548258,0.5420564327099355,296422104609174.8,0.3993529737273971,0.0010657533013877344,3.838731530601153e-06,3.16,35.8,2023-02-06 04:58:00,2.0175064554980277e-05,0.0372220768068099,0.0,238,272.26657274512536,2.0175064554980277e-05,54.135258,7.511201,0.0372220768068099,0.0,0.0,0.39734882024317814,1004.072493177465,10023.186603190965,-0.6766417821811715,-0.7363123648334912,2.0836684174502227,233.7311643399261,0.02652351196417782,inf,0.0,224.12495771450227,,,,,,,,,,,,,,0.0,0 days 00:00:00,,,,,,,,,,,,,,,,,,,,,0.0,,,,,,,,,,,,,,,,,,0.0,0.0,2.2719229e-05,6.1574504e-08,100316.88,0.041016877,-238.46909,0.0,0.0,1.0000000000000002,-4.658321827830246e-13,1.918706e-12,2.157292e-16,0.0,0.0,0.0,7.480000000000002e-16,1.9851090371574374e-14,1.4528739364520976e-12,997.7725279024032,3.710161313209659e-14,5.663655821639846e-14,0.0,2.2719229e-05,6.1574504e-08,100316.88,0.041016877,-238.46909,0.0,0.0,0.0,-4.658321827830246e-13,1.918706e-12,2.157292e-16,0.0,0.0,0.0,7.480000000000002e-16,1.9851090371574374e-14,1.4528739364520976e-12,997.7725279024032,3.710161313209659e-14,5.663655821639846e-14,0.0
239,239,239,122.78348899655816,26.27781705738869,9806.94,885974.0,,167.4558832797377,0.7171094381671816,34610D,238.69542,53.766476,7.29739,213.7355985697407,62493.34799884461,0.3949034668187038,0.3969604407989832,28.77622562067841,31.5604184378356,0.0,2.0349900704901008e-05,27226.657274512538,0.0375909334223064,0.23980188017232,0.5999391501647319,cruise,15,GTF2035_wi,0,43031,1.237,3.16,3.16,11.309804431452129,1.6962405113206471,0.690099983617107,15.78001456859059,11.431431298198987,23.33931211501497,1460347416892532.5,12.9061178658619,756.411406891848,1095.4350840255,0.00203499007049,0.0156114510930588,0.175336532244416,15.7802092189178,11.2312770414004,11.231048490678802,15.105170843579096,0.5398478541488998,293699479815649.25,0.3969604407989832,0.0010633879767513205,3.790625878254499e-06,3.16,35.8,2023-02-06 04:59:00,2.0349900704901008e-05,0.037590926052853524,0.0,239,272.26657274512536,2.0349900704901008e-05,53.766476,7.29739,0.037590926052853524,0.0,0.0,0.3973678141142754,1004.1595055003618,10026.04321433168,-0.6764493374766276,-0.7364891674881795,2.0831704273785845,233.72860135663734,0.02678331941534605,inf,0.0,224.12353383843694,,,,,,,,,,,,,,0.0,0 days 00:00:00,,,,,,,,,,,,,,,,,,,,,0.0,,,,,,,,,,,,,,,,,,0.0,0.0,2.2590313e-05,6.6375875e-08,100339.65,0.04088206,-242.19199,0.0,0.0,1.0,-4.657355106750684e-13,1.9190227e-12,2.1608774e-16,0.0,0.0,0.0,7.48e-16,1.985682137979862e-14,1.4532872034175988e-12,998.7572479394624,3.680795376146812e-14,5.629724728246444e-14,0.0,2.2590313e-05,6.6375875e-08,100339.65,0.04088206,-242.19199,0.0,0.0,0.0,-4.657355106750684e-13,1.9190227e-12,2.1608774e-16,0.0,0.0,0.0,7.48e-16,1.985682137979862e-14,1.4532872034175988e-12,998.7572479394624,3.680795376146812e-14,5.629724728246444e-14,0.0
240,240,240,122.7094704612948,26.216807290500576,9806.94,885974.0,,167.51491788806558,0.7171623527550132,34610D,238.68771,53.36964,7.1135035,213.1995894438731,62464.571773223935,0.39465340435389734,0.3955131196038312,28.680165892707613,31.5044442073236,0.0,2.0549742146315627e-05,27226.657274512538,0.0379916719194353,0.2390013824392301,0.597579695092092,cruise,15,GTF2035_wi,0,43031,1.237,3.16,3.16,11.281937133993884,1.692058729200068,0.6883804651320535,15.752157410904276,11.41190864497269,23.256930796492828,1456458997653801.0,12.8697956673925,755.886791471809,1094.81783596731,0.00205497421463,0.0156019562892602,0.174792037480635,15.7522221036618,11.20321286895,11.20298265054526,15.105699976447262,0.5383173342568702,292541082861128.25,0.3955131196038312,0.0010612436007751338,3.7667269370386637e-06,3.16,35.8,2023-02-06 05:00:00,2.0549742146315623e-05,0.03799169673663814,0.0,240,272.26657274512536,2.0549742146315623e-05,53.36964,7.1135035,0.03799169673663814,0.0,0.0,0.39738064973889475,1004.2333636880078,10015.962904393327,-0.6791173086236675,-0.7340297549335085,2.082310249986793,233.72417304298523,0.027066800434798373,inf,0.0,224.12049702464893,,,,,,,,,,,,,,0.0,0 days 00:00:00,,,,,,,,,,,,,,,,,,,,,0.0,,,,,,,,,,,,,,,,,,0.0,0.0,2.2497834e-05,6.5424864e-08,100360.89,0.0408834,-245.53362,0.0,0.0,1.0,-4.656456161530281e-13,1.9194052e-12,2.1598067e-16,0.0,0.0,0.0,7.48e-16,1.9862855413880336e-14,1.4537595961110144e-12,999.7394422176274,3.6611693964070925e-14,5.6091987032711026e-14,0.0,2.2497834e-05,6.5424864e-08,100360.89,0.0408834,-245.53362,0.0,0.0,0.0,-4.656456161530281e-13,1.9194052e-12,2.1598067e-16,0.0,0.0,0.0,7.48e-16,1.9862855413880336e-14,1.4537595961110144e-12,999.7394422176274,3.6611693964070925e-14,5.6091987032711026e-14,0.0
241,241,241,122.63581196600478,26.15561874865981,9806.94,885974.0,,167.57395249639345,0.7172065590124489,34610D,238.68666,52.953793,6.941775,212.6455264519218,62435.89160733123,0.39433759542602365,0.3955574965744629,28.673970100799902,31.564796349964,0.0,2.0743977253685565e-05,27226.657274512538,0.0383551014986006,0.2389497508399992,0.5971470229720525,cruise,15,GTF2035_wi,0,43031,1.237,3.16,3.16,11.276768975953969,1.691281421353963,0.6865929906872595,15.782405703916377,11.40826086685,23.271677407251108,1457155041441485.5,12.86480983206,755.766996684083,1094.94077302738,0.00207439772537,0.015609774609975,0.174802287981921,15.782398174982,11.1982582932503,11.198026001653634,15.105463344171897,0.5379697643087095,292965723736194.25,0.3955574965744629,0.0010607399348356997,3.7701502936803613e-06,3.16,35.8,2023-02-06 05:01:00,2.0743977253685565e-05,0.03835514114198356,0.0,241,272.26657274512536,2.0743977253685565e-05,52.953793,6.941775,0.03835514114198356,0.0,0.0,0.3973823978453127,1004.2950276745562,10004.805803236068,-0.6820490459056746,-0.7313064330218618,2.081224825198802,233.71858281406574,0.027325448715886373,inf,0.0,224.11631746750194,,,,,,,,,,,,,,0.0,0 days 00:00:00,,,,,,,,,,,,,,,,,,,,,0.0,,,,,,,,,,,,,,,,,,0.0,0.0,2.2403425e-05,6.0969526e-08,100381.04,0.040962618,-247.89862,0.0,0.0,1.0,-4.655605759404437e-13,1.9199364e-12,2.1563724e-16,0.0,0.0,0.0,7.48e-16,1.9870522924346045e-14,1.4543758224252149e-12,1000.7223916803218,3.661393749146351e-14,5.6098280610187586e-14,0.0,2.2403425e-05,6.0969526e-08,100381.04,0.040962618,-247.89862,0.0,0.0,0.0,-4.655605759404437e-13,1.9199364e-12,2.1563724e-16,0.0,0.0,0.0,7.48e-16,1.9870522924346045e-14,1.4543758224252149e-12,1000.7223916803218,3.661393749146351e-14,5.6098280610187586e-14,0.0
242,242,242,122.5625470027764,26.09423480163936,9806.94,885974.0,,167.6329871047213,0.7172420535377453,34610D,238.68689,52.535107,6.756767,212.1852862832384,62407.21763723042,0.3941172157706471,0.3943813091012152,28.59519449666652,31.5215746285218,0.0,2.0942844003978943e-05,27226.657274512538,0.0387218878123883,0.238293287472221,0.595265813680411,cruise,15,GTF2035_wi,0,43031,1.237,3.16,3.16,11.253465599425748,1.6877841603393091,0.6851066229519415,15.760738988731198,11.39214525050695,23.205845062526578,1454047737985437.0,12.8347595784633,755.349731050861,1094.46800640581,0.0020942844004,0.0156029139071525,0.174359730314586,15.7607873142609,11.1748184571254,11.174584429546885,15.105869919014728,0.5367591190272143,292455197136060.9,0.3943813091012152,0.0010585312572765151,3.756445283582452e-06,3.16,35.8,2023-02-06 05:02:00,2.0942844003978943e-05,0.038721879449628634,0.0,242,272.26657274512536,2.0942844003978943e-05,52.535107,6.756767,0.038721879449628634,0.0,0.0,0.39738201492544856,1004.34449270524,10007.612987757428,-0.6818580698218004,-0.731484499233503,2.080468171592714,233.71468431899453,0.02758678780859714,inf,0.0,224.11368524123742,,,,,,,,,,,,,,0.0,0 days 00:00:00,,,,,,,,,,,,,,,,,,,,,0.0,,,,,,,,,,,,,,,,,,0.0,0.0,2.2294804e-05,5.832219e-08,100401.664,0.04094928,-249.7919,0.0,0.0,1.0,-4.654733419323077e-13,1.9204896e-12,2.1543317e-16,0.0,0.0,0.0,7.48e-16,1.9878645377490776e-14,1.4550163238408696e-12,1001.708480185239,3.6445098399094896e-14,5.593147276178163e-14,0.0,2.2294804e-05,5.832219e-08,100401.664,0.04094928,-249.7919,0.0,0.0,0.0,-4.654733419323077e-13,1.9204896e-12,2.1543317e-16,0.0,0.0,0.0,7.48e-16,1.9878645377490776e-14,1.4550163238408696e-12,1001.708480185239,3.6445098399094896e-14,5.593147276178163e-14,0.0
243,243,243,122.48928203954804,26.03285085461891,9806.94,885974.0,,167.69202171304917,0.7172680547079778,34610D,238.69048,52.113205,6.558256,211.71453631592297,62378.62244273376,0.39387600566031233,0.3935534245090728,28.53738719304921,31.5060517421662,0.0,2.1138118905884708e-05,27226.657274512538,0.0390678055527502,0.2378115599420767,0.5938484419216586,cruise,15,GTF2035_wi,0,43031,1.237,3.16,3.16,11.235341024788768,1.685063659743785,0.683581540172119,15.753004170441772,11.37970597803311,23.16317152653748,1452033536206424.0,12.8119374400713,755.030763539187,1094.17590517745,0.00211381189059,0.0156002983112552,0.174047076679752,15.7530258710831,11.1566505464952,11.156414720874269,15.106102879193168,0.5358336737419731,292191685068497.0,0.3935534245090728,0.001056857995062341,3.747582903881928e-06,3.16,35.8,2023-02-06 05:03:00,2.1138118905884708e-05,0.03906778056808914,0.0,243,272.26657274512536,2.1138118905884708e-05,52.113205,6.558256,0.03906778056808914,0.0,0.0,0.397376038141483,1004.3806642928022,10010.414712973317,-0.6816675735458169,-0.7316620252385376,2.0796405890338248,233.7104189411918,0.027834208675687137,inf,0.0,224.1106710291058,,,,,,,,,,,,,,0.0,0 days 00:00:00,,,,,,,,,,,,,,,,,,,,,0.0,,,,,,,,,,,,,,,,,,0.0,0.0,2.2168831e-05,5.769162e-08,100422.73,0.040830303,-251.12929,0.0,0.0,0.9999999999999999,-4.653840856142049e-13,1.9211143e-12,2.1538456e-16,0.0,0.0,0.0,7.480000000000001e-16,1.9887878780402058e-14,1.4557303245650525e-12,1002.6945686901562,3.632892209874047e-14,5.581406150661633e-14,0.0,2.2168831e-05,5.769162e-08,100422.73,0.040830303,-251.12929,0.0,0.0,0.0,-4.653840856142049e-13,1.9211143e-12,2.1538456e-16,0.0,0.0,0.0,7.480000000000001e-16,1.9887878780402058e-14,1.4557303245650525e-12,1002.6945686901562,3.632892209874047e-14,5.581406150661633e-14,0.0
244,244,244,122.41601707631966,25.97146690759845,9806.94,885974.0,,167.75105632137704,0.7172845579315241,34610D,238.70396,51.665966,6.3718286,211.260081322598,62350.08505554071,-6.692601084529857e-05,0.082437832720111,4.94668419,-0.0011237908749026,-2472.5036803539992,2.1268502444325803e-05,27226.657274512538,0.0392515388859775,0.04122236825,0.102918266825718,descent,15,GTF2035_wi,0,43031,1.237,3.16,3.16,3.592134664131566,0.5387438002948505,0.682094978854422,0.0,4.09473254763551,5.046621981472793,3733771820712303.0,3.58294851221004,606.772907805549,884.702395634783,0.00212685024443,0.0117588833025232,0.0412189163600555,-0.0005618954374513,3.50534275233523,3.505268200529939,15.371672616054916,0.2016134278556482,473969713900233.2,0.082437832720111,0.0005054370108131447,6.477160535225125e-07,3.16,35.8,2023-02-06 05:04:00,2.1268502444325803e-05,0.03925158159556617,0.0,244,272.26657274512536,2.1268502444325803e-05,51.665966,6.3718286,0.03925158159556617,0.0,0.0,0.3973535976717307,1004.4035360170894,10038.13313551801,-0.6814775569248771,-0.7318390119470954,1.2604358464313892,228.493128284599,0.027968891233495254,inf,0.0,219.3510008610905,,,,,,,,,,,,,,0.0,0 days 00:00:00,,,,,,,,,,,,,,,,,,,,,0.0,,,,,,,,,,,,,,,,,,0.0,0.0,2.2012859e-05,5.7958026e-08,100444.016,0.040667944,-251.36868,0.0,0.0,0.9999999999999999,-4.652934171262738e-13,1.921913e-12,2.154051e-16,0.0,0.0,0.0,7.48e-16,1.9899457718624084e-14,1.4566194322949264e-12,1003.6784772775014,3.641589227524892e-15,1.1691399386632319e-14,0.0,2.2012859e-05,5.7958026e-08,100444.016,0.040667944,-251.36868,0.0,0.0,0.0,-4.652934171262738e-13,1.921913e-12,2.154051e-16,0.0,0.0,0.0,7.48e-16,1.9899457718624084e-14,1.4566194322949264e-12,1003.6784772775014,3.641589227524892e-15,1.1691399386632319e-14,0.0
245,245,245,122.34275211309128,25.91008296057801,9100.029182058048,885974.0,,167.81009092970493,0.7172915587633414,34610D,244.65892,52.47113,9.06555,213.5130723514017,62345.13837135071,1.3930579495186784e-06,0.0927665202831166,5.225605309195774,2.6044583588373e-05,-2478.7213007052046,3.131117846916587e-05,30287.35016561865,0.034326834229032,0.0435467109099647,0.1072939477701694,descent,15,GTF2035_wi,0,43031,1.237,3.16,3.16,3.951673484252553,0.5926272910841657,0.680927939969104,0.0,4.150318604646878,5.51173980866854,4080672380677481.5,3.98535872936592,619.638120525571,901.019766560527,0.00313111784692,0.0120156431492771,0.0463832601415583,1.30222917941865e-05,3.86023948658537,3.8601186217222936,15.355697946991391,0.2265223449052877,392797913262513.8,0.0927665202831166,0.0005269830680780547,5.402724347959973e-07,3.16,35.8,2023-02-06 05:05:00,3.131117846916587e-05,0.034326823325454885,0.0,245,302.87350165618653,3.131117846916587e-05,52.47113,9.06555,0.034326823325454885,0.0,0.0,0.43126347019445044,1004.4131016632062,10040.916990422636,-0.6812880198066332,-0.7320154602656671,1.4022360608434814,229.57924934744327,0.025945378416550462,inf,0.0,220.33802078729218,,,,,,,,,,,,,,0.0,0 days 00:00:00,,,,,,,,,,,,,,,,,,,,,0.0,,,,,,,,,,,,,,,,,,0.0,0.0,3.11882e-05,3.1946936e-08,92894.17,0.03343328,-251.15503,0.0,0.0,1.0,-5.010196242564809e-13,2.062473e-12,2.1425876e-16,0.0,0.0,0.0,7.479999999999999e-16,2.126115261883788e-14,1.5614533741622604e-12,1004.6598760718582,4.580028692912396e-15,1.3156222119767822e-14,0.0,3.11882e-05,3.1946936e-08,92894.17,0.03343328,-251.15503,0.0,0.0,0.0,-5.010196242564809e-13,2.062473e-12,2.1425876e-16,0.0,0.0,0.0,7.479999999999999e-16,2.126115261883788e-14,1.5614533741622604e-12,1004.6598760718582,4.580028692912396e-15,1.3156222119767822e-14,0.0
246,246,246,122.26948714986293,25.84869901355756,8393.118364116095,885974.0,,167.8691255380328,0.7172890529050981,34610D,249.74118,49.941635,14.826171,214.8961381924697,62339.91276604152,-4.065410207103891e-06,0.1036731291653816,5.513304911637973,-8.43963001534576e-05,-2466.54578353568,5.9729042147865374e-05,33620.87706337095,0.0435738265074142,0.0459442075969831,0.1101860690045793,descent,15,GTF2035_wi,0,43031,1.237,3.16,3.16,4.341775538767599,0.6510070007209882,0.6783295483253965,0.0,4.234175341490685,5.908265380332809,4376414523437699.0,4.41411020736142,629.744479899119,913.79005475348,0.00597290421479,0.01221897003891,0.0518365645826908,-4.21981500767288e-05,4.24230229042404,4.242048916905489,15.352495621729512,0.2450718788757811,332579991402389.1,0.1036731291653816,0.0005506600091950914,4.609807491007567e-07,3.16,35.8,2023-02-06 05:06:00,5.9729042147865374e-05,0.04357385432462136,0.0,246,336.2087706337095,5.9729042147865374e-05,49.941635,14.826171,0.04357385432462136,5.34035e-06,2.2161568e-10,0.4689875653347561,1004.4093552217009,10043.695378713532,-0.6810989620365109,-0.7321913710996516,1.556600500877632,230.6559173440204,0.034633521052992215,inf,0.0,221.35117602379393,,,,,,,,,,,,,,0.0,0 days 00:00:00,,,,,,,,,,,,,,,,,,,,,0.0,,,,,,,,,,,,,,,,,,0.0,0.0,5.887702e-05,1.4371988e-08,85598.01,0.04290619,-250.6155,0.0,0.0,0.9999999999999999,-5.355977525012204e-13,2.3307758e-12,2.1710108e-16,0.0,0.0,0.0,7.48e-16,2.4302415399102947e-14,1.7951780247337477e-12,1005.6412748662153,6.149056993610411e-15,1.4703006116737752e-14,0.0,5.887702e-05,1.4371988e-08,85598.01,0.04290619,-250.6155,0.0,0.0,0.0,-5.355977525012204e-13,2.3307758e-12,2.1710108e-16,0.0,0.0,0.0,7.48e-16,2.4302415399102947e-14,1.7951780247337477e-12,1005.6412748662153,6.149056993610411e-15,1.4703006116737752e-14,0.0
247,247,247,122.19622218663451,25.7873150665371,7686.207546174143,885974.0,,167.92816014636065,0.7172770362052466,34610D,252.00385,44.845528,12.50919,209.22627129143007,62334.39946112988,8.059256761053423e-06,0.112207520382913,5.8097829973266,0.0001859868251194712,-2433.393436274064,0.0001227221388509,37245.46646037494,0.07950131810736,0.048414858311055,0.107863250724653,descent,15,GTF2035_wi,0,43031,1.237,3.16,3.16,4.645442559960803,0.6962462853472525,0.6574607547701258,0.0,4.384653391018537,6.121134553140151,4535179530772310.0,4.72414551603318,626.083327178129,915.276090011468,0.0122722138851,0.012368324383967,0.0561037601914565,9.29934125597356e-05,4.53608414929539,4.535527539654907,15.363216051395725,0.2384444113967623,425864592831251.5,0.112207520382913,0.0005583518932493553,5.884157240982698e-07,3.16,35.8,2023-02-06 05:07:00,0.00012272213885099875,0.07950128076188638,0.0,247,372.4546646037494,0.00012272213885099875,44.845528,12.50919,0.07950128076188638,0.0033224274,2.0492769e-07,0.5148831634484959,1004.3922908886683,10046.468292155318,-0.6809103834618521,-0.7323667453495097,1.724528619164894,231.724582166413,0.06461875837554437,inf,0.0,222.4308555431048,,,,,,,,,,,,,,0.0,0 days 00:00:00,,,,,,,,,,,,,,,,,,,,,0.0,,,,,,,,,,,,,,,,,,0.0,0.0,0.00018487827,7.656774e-07,78253.13,0.12823085,-249.5601,0.0,0.0,0.9999999999999999,-5.704577759980557e-13,2.5336413e-12,2.7105248e-16,0.0,0.0,0.0,7.479999999999999e-16,2.6540438051336136e-14,1.9631835061566986e-12,1006.622673660572,7.379757742063394e-15,1.5913360306721028e-14,0.0,0.00018487827,7.656774e-07,78253.13,0.12823085,-249.5601,0.0,0.0,0.0,-5.704577759980557e-13,2.5336413e-12,2.7105248e-16,0.0,0.0,0.0,7.479999999999999e-16,2.6540438051336136e-14,1.9631835061566986e-12,1006.622673660572,7.379757742063394e-15,1.5913360306721028e-14,0.0
248,248,248,122.12295722340616,25.72593111951665,6979.296728232192,885974.0,,167.98719475468852,0.7172555046591191,34610D,252.63942,36.096653,5.0056896,198.35577433684705,62328.58967813255,4.673394750565451e-05,0.1169565852668038,6.115039566261651,0.0011857516491144,-2408.7587805521152,0.0003111533102923,41180.17388396212,0.2095898448782334,0.0509586630521804,0.1027472568688317,descent,15,GTF2035_wi,0,43031,1.237,3.16,3.16,4.794072718898863,0.7176192162385621,0.6225173796059568,0.0,4.57950901938968,6.216899367315222,4606604158511450.0,4.85988449666844,611.97802998537,908.605030498598,0.0311153310292,0.0124754401481592,0.0584782926334019,0.0005928758245572,4.68747330265783,4.686015233505845,15.345176009011167,0.2112739245139142,717170403013859.4,0.1169565852668038,0.0005544812314350927,9.821776674764087e-07,3.16,35.8,2023-02-06 05:08:00,0.0003111533102923125,0.2095897705195495,0.0,248,411.80173883962124,0.0003111533102923125,36.096653,5.0056896,0.2095897705195495,0.033374183,7.4018595e-07,0.5678446119184334,1004.3619030658824,10049.235722568832,-0.6807222839277344,-0.7325415839146668,1.907095908016595,232.78650465388813,0.17142782969767065,inf,0.0,223.7978505074422,,,,,,,,,,,,,,0.0,0 days 00:00:00,,,,,,,,,,,,,,,,,,,,,0.0,,,,,,,,,,,,,,,,,,0.0,0.0,0.00030439044,1.1750125e-06,70920.914,0.19684424,-248.69873,0.0,0.0,1.0,-6.05308744137051e-13,2.7580314e-12,3.0151138e-16,0.0,0.0,0.0,7.48e-16,2.9034906245334477e-14,2.1527226820562098e-12,1007.6022262752433,8.376273847276538e-15,1.658687648780633e-14,0.0,0.00030439044,1.1750125e-06,70920.914,0.19684424,-248.69873,0.0,0.0,0.0,-6.05308744137051e-13,2.7580314e-12,3.0151138e-16,0.0,0.0,0.0,7.48e-16,2.9034906245334477e-14,2.1527226820562098e-12,1007.6022262752433,8.376273847276538e-15,1.658687648780633e-14,0.0
249,249,249,122.04969226017778,25.6645471724962,6272.385910290238,885974.0,,168.04622936301638,0.7172244544090729,34610D,256.43948,30.529411,3.603409,192.65266105640168,62322.47463856629,-2.600120324928911e-06,0.123899200182584,6.429074618443132,-7.19562257436336e-05,-2411.2008047540107,0.000337072445396,45444.90237842034,0.174672328459315,0.0535756218203594,0.1030344436884065,descent,15,GTF2035_wi,0,43031,1.237,3.16,3.16,4.975501417249937,0.7446481081577064,0.6001222897329441,0.0,4.696056362219006,6.458659670435492,4786917145083940.0,5.05843078848547,609.931222871257,914.557274929557,0.0337072445396,0.0127490328227089,0.061949600091292,-3.59781128718168e-05,4.85916076558732,4.857523428286779,15.363496573426882,0.2074558587224406,846448634315993.5,0.123899200182584,0.0005589993002428672,1.1581898934935473e-06,3.16,35.8,2023-02-06 05:09:00,0.00033707244539606156,0.17467245195440764,0.0,249,454.44902378420346,0.00033707244539606156,30.529411,3.603409,0.17467245195440764,0.043761533,5.7305283e-07,0.6173660398424634,1004.3181863609993,10051.997661780555,-0.6805346632797314,-0.732715887690954,2.1045430484035856,233.83811443909082,0.14832648355746325,inf,0.0,224.66924116718212,,,,,,,,,,,,,,0.0,0 days 00:00:00,,,,,,,,,,,,,,,,,,,,,0.0,,,,,,,,,,,,,,,,,,0.0,0.0,0.00032965277,3.2938166e-07,63688.215,0.17315732,-248.56142,0.0,0.0,1.0000000000000002,-6.397380941510759e-13,3.172019e-12,2.3632733e-16,0.0,0.0,0.0,7.479999999999998e-16,3.390397973970298e-14,2.5322809539975805e-12,1008.5789166746214,1.052308082263624e-14,1.7571483689254208e-14,0.0,0.00032965277,3.2938166e-07,63688.215,0.17315732,-248.56142,0.0,0.0,0.0,-6.397380941510759e-13,3.172019e-12,2.3632733e-16,0.0,0.0,0.0,7.479999999999998e-16,3.390397973970298e-14,2.5322809539975805e-12,1008.5789166746214,1.052308082263624e-14,1.7571483689254208e-14,0.0
250,250,250,121.9764272969494,25.603163225475747,5565.475092348285,885974.0,,168.10526397134427,0.7171838817445525,34610D,262.70972,26.740932,6.5658517,194.1902417986528,62316.045563947846,0.152052534348384,0.1777087043291832,10.220426799087049,5.98764991187556,-1495.1936901658146,0.0003350019931236,50060.42308861347,0.1078889851470464,0.0851702233257254,0.162893277687538,descent,15,GTF2035_wi,0,43031,1.237,3.16,3.16,6.958758290516261,1.0414825456804506,0.5976494644270545,2.9938837259373585,6.286600401419278,4.440603917886453,3281783113088249.0,7.27323969989067,650.713247458546,950.171725301712,0.0335001993124,0.0129645292264544,0.0888543521645916,2.99382495593778,6.85365049609994,6.851355278426069,15.234617399582635,0.2863665004795064,244800618827637.7,0.1777087043291832,0.0006695994166425081,3.5664055188288206e-07,3.16,35.8,2023-02-06 05:10:00,0.0003350019931236267,0.10788907008792979,0.0,250,500.60423088613476,0.0003350019931236267,26.740932,6.5658517,0.10788907008792979,0.0841024,2.0926266e-06,0.6638360342161768,1004.2611355876442,9932.25935363986,-0.40867836006769476,-0.9126784746077775,2.734000325449904,236.6900224055886,0.09744097061514741,inf,0.0,227.0708396428799,,,,,,,,,,,,,,0.0,0 days 00:00:00,,,,,,,,,,,,,,,,,,,,,0.0,,,,,,,,,,,,,,,,,,0.0,0.0,0.000328804,2.2673795e-07,56465.086,0.09992283,-248.67133,0.0,0.0,0.9999999999999998,-6.741723264170537e-13,3.8579678e-12,2.2841522e-16,0.0,0.0,0.0,7.480000000000001e-16,4.2365756277289904e-14,3.1837954664646375e-12,1009.555607073999,2.2731085601802602e-14,2.520279061492823e-14,0.0,0.000328804,2.2673795e-07,56465.086,0.09992283,-248.67133,0.0,0.0,0.0,-6.741723264170537e-13,3.8579678e-12,2.2841522e-16,0.0,0.0,0.0,7.480000000000001e-16,4.2365756277289904e-14,3.1837954664646375e-12,1009.555607073999,2.2731085601802602e-14,2.520279061492823e-14,0.0
251,251,251,121.88614611355764,25.56666784771418,5128.26,885974.0,,168.1642985796721,0.7169261162688908,34610D,265.54813,23.917547,7.897122,189.6811460443516,62305.82513714876,0.23247783215597118,0.214222766960272,15.099555678231225,11.29807479503768,-1120.0367437050922,0.0015012031341637,53100.060667601465,0.3993297191165716,0.1258296306519268,0.2353923487259016,descent,15,GTF2035_wi,0,43031,1.237,3.16,3.16,8.192761609092305,1.2166152419588196,0.580643731679938,5.649034181528533,8.110839112913423,1.896455097338844,1384271130363750.0,8.68964178350505,667.819547264228,970.371703117781,0.150120313416,0.0132103343396977,0.107111383480136,5.64903739751884,8.10815084053257,8.095997104305406,15.177487866596826,0.3238159429715987,164481819172950.16,0.214222766960272,0.0007169106131789815,6.437977490771773e-07,3.16,35.8,2023-02-06 05:11:00,0.0015012031341637678,0.39932969718993305,0.0,251,531.0006066760147,0.0015012031341637678,23.917547,7.897122,0.39932969718993305,0.2411526,1.0527556e-05,0.6966172405943359,1003.8999532842674,10283.336983467236,-0.2702402955031541,-0.9627929074761445,3.2071080817161124,238.47235321811223,0.3708202776487123,inf,0.0,229.88965583839592,,,,,,,,,,,,,,0.0,0 days 00:00:00,,,,,,,,,,,,,,,,,,,,,0.0,,,,,,,,,,,,,,,,,,0.0,0.0,0.0014613543,2.9479705e-07,52054.81,0.34681055,-248.53157,0.0,0.0,0.9999999999999999,-6.952189562996275e-13,4.26988e-12,2.3366145e-16,0.0,0.0,0.0,7.480000000000001e-16,4.7452252848442295e-14,3.5746608773629712e-12,1010.1362912237088,3.293947946605879e-14,3.038124418851935e-14,0.0,0.0014613543,2.9479705e-07,52054.81,0.34681055,-248.53157,0.0,0.0,0.0,-6.952189562996275e-13,4.26988e-12,2.3366145e-16,0.0,0.0,0.0,7.480000000000001e-16,4.7452252848442295e-14,3.5746608773629712e-12,1010.1362912237088,3.293947946605879e-14,3.038124418851935e-14,0.0
252,252,252,121.78751627604169,25.541656494140625,4800.6,885974.0,TVJ571,168.223333188,0.7165678656663966,34610D,267.65436,21.78546,8.79967,184.952905453044,62290.72558147053,0.13255774504251447,0.1799762819188998,9.187829824739495,5.55060936300144,-1560.5750091008567,0.0022995641495244,55474.602978824914,0.5326297951636229,0.0765652485394958,0.1407405234290503,descent,15,GTF2035_wi,0,43031,1.237,3.16,3.16,6.822246991960187,1.0076488541921156,0.5639377912499629,2.774450868575024,5.571356754618466,5.647928851677433,4182246761444063.0,7.14997752212515,643.560766451288,958.264100891057,0.229956414952,0.0133987457121297,0.0899881409594499,2.77530468150072,6.7161615641369,6.700752753330514,15.267802031495714,0.2716024332366506,421848687855238.9,0.1799762819188998,0.0006319658535431816,5.975778130751031e-07,3.16,35.8,2023-02-06 05:12:00,0.0022995641495244293,0.5326296682088879,0.0,252,554.7460297882492,0.0022995641495244293,21.78546,8.79967,0.5326296682088879,0.31811216,1.3145866e-05,0.7220417818000712,1003.3980634957754,9847.768723033168,-0.27494522543702565,-0.9614598915240213,2.966618583031313,237.59779979326208,0.5048800419093932,inf,0.0,229.82026768449597,,,,,,,,,,,,,,0.0,0 days 00:00:00,,,,,,,,,,,,,,,,,,,,,0.0,,,,,,,,,,,,,,,,,,0.0,0.0,0.0022261417,3.4781462e-07,48659.523,0.51347196,-248.35161,0.0,0.0,1.0,-7.114247476762001e-13,4.5868643e-12,2.3774823e-16,0.0,0.0,0.0,7.48e-16,5.13664618509768e-14,3.8754395102408575e-12,1010.5342511154473,2.64472853879914e-14,2.5524380282763908e-14,0.0,0.0022261417,3.4781462e-07,48659.523,0.51347196,-248.35161,0.0,0.0,0.0,-7.114247476762001e-13,4.5868643e-12,2.3774823e-16,0.0,0.0,0.0,7.48e-16,5.13664618509768e-14,3.8754395102408575e-12,1010.5342511154473,2.64472853879914e-14,2.5524380282763908e-14,0.0
253,253,253,121.69326782226562,25.517303466796875,4343.400000000001,885974.0,TVJ571,171.309999852,0.7161771785389881,34610D,270.0823,21.863354,9.60009,182.5087779820552,62281.53775164579,0.23210712894722685,0.232013600775108,16.37638253117049,12.69695573176084,-1090.3219745187887,0.0039224180212256,58930.91251691905,0.7851169150552129,0.1364698544264207,0.2438434474088674,descent,15,GTF2035_wi,0,43031,1.237,3.16,3.16,8.627824990711431,1.2603318123791671,0.5539784893577844,6.348548160614382,8.147816522782517,1.9167274458361871,1399390931485838.5,9.20067067937814,668.812815652555,982.845196133527,0.392241802123,0.0135778368431349,0.116006800387554,6.34847786588042,8.54383520201222,8.510453645265226,15.201461908507255,0.3258790816136894,189648287644356.25,0.232013600775108,0.0006963954366290027,7.759989141130213e-07,3.16,35.8,2023-02-06 05:13:00,0.003922418021225639,0.7851174183857477,0.0,253,589.3091251691906,0.003922418021225639,21.863354,9.60009,0.7851174183857477,0.411802,7.6088577e-06,0.7601328323941244,1002.8507536248756,10050.270493176551,-0.27299904305188016,-0.9620143047235616,3.564978453405595,239.67192373559104,0.7620177523883502,inf,0.0,233.726003772329,,,,,,,,,,,,,,0.0,0 days 00:00:00,,,,,,,,,,,,,,,,,,,,,0.0,,,,,,,,,,,,,,,,,,0.0,0.0,0.0038197082,3.3038867e-07,44010.023,0.73654914,-248.59074,0.0,0.0,1.0,-7.335993247478783e-13,5.02335e-12,2.3640496e-16,0.0,0.0,0.0,7.48e-16,5.675116349864936e-14,4.289750656596627e-12,1010.9217362668095,4.158652774586127e-14,3.2904354472806436e-14,0.0,0.0038197082,3.3038867e-07,44010.023,0.73654914,-248.59074,0.0,0.0,0.0,-7.335993247478783e-13,5.02335e-12,2.3640496e-16,0.0,0.0,0.0,7.48e-16,5.675116349864936e-14,4.289750656596627e-12,1010.9217362668095,4.158652774586127e-14,3.2904354472806436e-14,0.0
254,254,254,121.59699062131486,25.49261060811705,4023.36,885974.0,TVJ571,162.04999986,0.7157925404030281,34610D,271.87628,21.017942,9.99692,179.30068826633033,62265.16136911462,0.24706603741397948,0.24842968123041,17.837441609372107,14.73044999235444,-907.6685937994928,0.0047734096190695,61452.48878267519,0.8574442779847652,0.1486453467447675,0.2605292094403336,descent,15,GTF2035_wi,0,43031,1.237,3.16,3.16,9.1046716439708,1.3222404193918202,0.5424422541555576,7.365467488245285,8.496018579994661,1.4649551911063394,1062443949497641.2,9.7711118030312,673.27780926422,991.360606037835,0.477340961907,0.0137396848478342,0.124214840615205,7.36522499617722,9.04058877557045,8.997639357313332,15.172755691072505,0.3351860995391414,208410733528837.7,0.24842968123041,0.0007084999247333122,1.0107530535293547e-06,3.16,35.8,2023-02-06 05:14:00,0.004773409619069512,0.8574450477714868,0.0,254,614.5248878267519,0.004773409619069512,21.017942,9.99692,0.8574450477714868,0.4886111,3.992237e-06,0.7874275508943057,1002.3119143067357,8966.147280880272,-0.576470727465166,-0.8171178007948315,3.794150544876479,240.3852526953026,0.8468435150367599,inf,0.0,235.39708066508143,,,,,,,,,,,,,,0.0,0 days 00:00:00,,,,,,,,,,,,,,,,,,,,,0.0,,,,,,,,,,,,,,,,,,0.0,0.0,0.0046564844,2.885733e-07,40749.734,0.8162102,-249.27602,0.0,0.0,0.9999999999999998,-7.491828906575749e-13,5.3568612e-12,2.3318169e-16,0.0,0.0,0.0,7.479999999999999e-16,6.088100089491724e-14,4.607678400429449e-12,1011.3140594978003,4.866051491118224e-14,3.5232496135841725e-14,0.0,0.0046564844,2.885733e-07,40749.734,0.8162102,-249.27602,0.0,0.0,0.0,-7.491828906575749e-13,5.3568612e-12,2.3318169e-16,0.0,0.0,0.0,7.479999999999999e-16,6.088100089491724e-14,4.607678400429449e-12,1011.3140594978003,4.866051491118224e-14,3.5232496135841725e-14,0.0
255,255,255,121.5240591543692,25.446131388346355,3756.66,885974.0,,154.33333320000003,0.715542921821527,34610D,273.48203,19.874397,10.252465,175.37151052790668,62247.32392750525,0.19582541870419484,0.22236851138173,15.32117195826087,10.68475943688818,-1113.6985209508562,0.0054090637045107,63619.908684344475,0.8809061744707621,0.1276764329855072,0.2204089657803243,descent,15,GTF2035_wi,0,43031,1.237,3.16,3.16,8.147160295334496,1.17800553525185,0.5289953347912035,5.34282487848151,7.502885818188733,2.9430221130155365,2164836102401548.0,8.655455933223969,656.675395886416,981.380045001749,0.540906370451,0.0138112092965185,0.111184255690865,5.34237971844409,8.0502911297486,8.006980860195007,15.253137557465047,0.2992927738344717,191402623692122.2,0.22236851138173,0.0006463443568290244,2.96519740196012e-07,3.16,35.8,2023-02-06 05:15:00,0.005409063704510703,0.8809055935292994,0.0,255,636.1990868434448,0.005409063704510703,19.874397,10.252465,0.8809055935292994,0.49318066,1.5974385e-06,0.8104135528720989,1001.9621407414071,8793.620457554294,-0.6528487304563102,-0.7574883069338985,3.679694342922894,240.03390874043419,0.883656099431212,inf,0.0,235.61293880605038,,,,,,,,,,,,,,0.0,0 days 00:00:00,,,,,,,,,,,,,,,,,,,,,0.0,,,,,,,,,,,,,,,,,,0.0,0.0,0.0052840244,2.9038475e-07,38031.688,0.8519244,-251.08765,0.0,0.0,0.9999999999999999,-7.622764054214336e-13,5.6587126e-12,2.3332131e-16,0.0,0.0,0.0,7.48e-16,6.463499484676713e-14,4.896436425263009e-12,1012.0500190298558,4.222489910981749e-14,3.153648017896605e-14,0.0,0.0052840244,2.9038475e-07,38031.688,0.8519244,-251.08765,0.0,0.0,0.0,-7.622764054214336e-13,5.6587126e-12,2.3332131e-16,0.0,0.0,0.0,7.48e-16,6.463499484676713e-14,4.896436425263009e-12,1012.0500190298558,4.222489910981749e-14,3.153648017896605e-14,0.0
256,256,256,121.45779591686322,25.39452504303496,3429.0,885974.0,TVJ571,146.61666654,0.7153119765022328,34610D,275.1758,18.097282,9.691571,171.64855560573577,62232.002755546986,0.23108347693231238,0.250957846365682,17.748266351366233,14.53821066496244,-827.1838845233062,0.0061555946043315,66367.05384634303,0.9107353997836052,0.1479022195947186,0.2498957944584968,descent,15,GTF2035_wi,0,43031,1.237,3.16,3.16,9.038693873100776,1.3001655457296524,0.5161693637426523,7.26812815927348,8.188406377085961,2.0147455365597127,1472496128858543.0,9.69119314854938,667.180796470812,995.077057344076,0.615559460433,0.0140100280810207,0.125478923182841,7.26910533248122,8.95636485931292,8.901570400585003,15.221583872083109,0.3224957623268979,220791131800433.4,0.250957846365682,0.0006738167009572811,8.386629061664066e-07,3.16,35.8,2023-02-06 05:16:00,0.006155594604331568,0.9107368279683576,0.0,256,663.6705384634303,0.006155594604331568,18.097282,9.691571,0.9107368279683576,0.45611212,1.4124507e-07,0.8402040101179823,1001.6385151710381,8877.448578562928,-0.6519282794546577,-0.7582806330424704,4.017174099157479,241.0437186815333,0.9286619635321411,inf,0.0,237.43594735697963,,,,,,,,,,,,,,0.0,0 days 00:00:00,,,,,,,,,,,,,,,,,,,,,0.0,,,,,,,,,,,,,,,,,,0.0,0.0,0.0060198796,2.5009768e-07,34693.6,0.90257025,-253.47044,0.0,0.0,1.0,-7.783551872724173e-13,6.0136674e-12,2.3135376e-16,0.0,0.0,0.0,7.480000000000001e-16,6.903841426840068e-14,5.235312345822938e-12,1012.8671623023515,5.3117349680697254e-14,3.5591042537858124e-14,0.0,0.0060198796,2.5009768e-07,34693.6,0.90257025,-253.47044,0.0,0.0,0.0,-7.783551872724173e-13,6.0136674e-12,2.3135376e-16,0.0,0.0,0.0,7.480000000000001e-16,6.903841426840068e-14,5.235312345822938e-12,1012.8671623023515,5.3117349680697254e-14,3.5591042537858124e-14,0.0
257,257,257,121.39083862304688,25.34248352050781,3185.1600000000003,885974.0,TVJ571,146.61666654,0.7150791589271073,34610D,276.2539,16.365587,8.920092,167.19437903100535,62214.25448919562,0.2518458790873591,0.271621376042184,19.649040604728377,17.6059133526281,-748.3404174432186,0.0066493317577806,68473.13606903257,0.9303338740518308,0.1637420050394031,0.2713679164970614,descent,15,GTF2035_wi,0,43031,1.237,3.16,3.16,9.663205600374138,1.3852269801755883,0.5017930699908586,8.803003293407462,8.689066498111313,1.325954490042223,958772539340315.0,10.4273274278305,672.582409823841,1003.23246041196,0.664933175778,0.0141432744759054,0.135810688021092,8.80295667631405,9.60249256651703,9.539064164230306,15.186556642469151,0.333726482766603,245228459738136.97,0.271621376042184,0.0006947443352036968,1.1612586980282588e-06,3.16,35.8,2023-02-06 05:17:00,0.0066493317577806955,0.9303343925689275,0.0,257,684.7313606903257,0.0066493317577806955,16.365587,8.920092,0.9303343925689275,0.4049937,5.992759e-08,0.863483911035873,1001.3122680639312,8872.987962219637,-0.6546456137560595,-0.7559359234683535,4.261479400477231,241.72885365592342,0.9585631823518277,inf,0.0,238.88233781122776,,,,,,,,,,,,,,0.0,0 days 00:00:00,,,,,,,,,,,,,,,,,,,,,0.0,,,,,,,,,,,,,,,,,,0.0,0.0,0.0065116435,1.733803e-07,32218.52,0.9315958,-255.90717,0.0,0.0,1.0,-7.903447610582278e-13,6.269597e-12,2.2716195e-16,0.0,0.0,0.0,7.48e-16,7.220544001530335e-14,5.479252158827219e-12,1013.6911962417224,6.203852978228495e-14,3.852156084740338e-14,0.0,0.0065116435,1.733803e-07,32218.52,0.9315958,-255.90717,0.0,0.0,0.0,-7.903447610582278e-13,6.269597e-12,2.2716195e-16,0.0,0.0,0.0,7.48e-16,7.220544001530335e-14,5.479252158827219e-12,1013.6911962417224,6.203852978228495e-14,3.852156084740338e-14,0.0
258,258,258,121.32414619877652,25.29024803032309,2964.1800000000003,885974.0,TVJ571,149.18888876,0.7148375166018435,34610D,277.3418,14.825082,8.337693,165.04003113854736,62194.60544859089,0.23058207852975354,0.25976423203112,18.39624721361614,15.61697959045122,-747.2073046453581,0.0070379672682301,70428.2109310578,0.9282485564039978,0.1533020601134678,0.2503586805772853,descent,15,GTF2035_wi,0,43031,1.237,3.16,3.16,9.2289775474679,1.3193933902218753,0.494354920466084,7.808895727865106,8.204133347503893,2.09901585983452,1535347777673487.5,9.90939111336331,664.643458958805,999.158111373212,0.703796726823,0.0142044758528354,0.12988211601556,7.80848979522561,9.14374577148745,9.079842139707493,15.234813565232267,0.3172447943486836,234139564811447.6,0.25976423203112,0.0006640902372799059,7.779663423629514e-07,3.16,35.8,2023-02-06 05:18:00,0.007037967268230116,0.928247980544719,0.0,258,704.282109310578,0.007037967268230116,14.825082,8.337693,0.928247980544719,0.35522795,0.0,0.8846546715010354,1000.9736639736317,9115.732827896309,-0.6538359637031689,-0.7566363278143261,4.263441753769624,241.73421457928703,0.9664873012635757,inf,0.0,239.15120302727004,,,,,,,,,,,,,,0.0,0 days 00:00:00,,,,,,,,,,,,,,,,,,,,,0.0,,,,,,,,,,,,,,,,,,0.0,0.0,0.0068969806,1.1616525e-07,29951.088,0.9426378,-258.18115,0.0,0.0,1.0,-8.013600623492851e-13,6.5182083e-12,2.231364e-16,0.0,0.0,0.0,7.479999999999999e-16,7.529016109430606e-14,5.7168480532838686e-12,1014.5183014965589,5.917174086330655e-14,3.683997119803906e-14,0.0,0.0068969806,1.1616525e-07,29951.088,0.9426378,-258.18115,0.0,0.0,0.0,-8.013600623492851e-13,6.5182083e-12,2.231364e-16,0.0,0.0,0.0,7.479999999999999e-16,7.529016109430606e-14,5.7168480532838686e-12,1014.5183014965589,5.917174086330655e-14,3.683997119803906e-14,0.0
259,259,259,121.25559488932292,25.236648559570312,2743.2000000000003,885974.0,TVJ571,151.246666536,0.7146097219141607,34610D,278.3764,13.468794,6.6741886,161.17616730913454,62176.20920137728,0.19485092194261366,0.234810918283408,16.339178969931183,12.21522206309042,-694.5793934420224,0.0068590912393831,72428.2436124499,0.8568554925220797,0.1361598247494265,0.2187709733556901,descent,15,GTF2035_wi,0,43031,1.237,3.16,3.16,8.28252301648063,1.1855678714097626,0.4818832488685149,6.108300240072443,7.532594266864719,3.232019996021214,2380380468971760.0,8.86556296257384,648.608759258252,990.033622649683,0.685909123938,0.0142801498384922,0.117405459141704,6.10761103154521,8.22158454004715,8.165576108496843,15.20500558029364,0.2819201701959624,481506710739209.44,0.234810918283408,0.0006270558248504105,6.938980091405109e-07,3.16,35.8,2023-02-06 05:19:00,0.00685909123938317,0.856856775094949,0.0,259,724.2824361244991,0.00685909123938317,13.468794,6.6741886,0.856856775094949,0.30937222,0.0,0.9063960166975183,1000.6544506237565,9001.034685385202,-0.6559874869496894,-0.7547717648173062,4.189295753085871,241.53012043178796,0.90107457975683,inf,0.0,237.34467854966317,,,,,,,,,,,,,,0.0,0 days 00:00:00,,,,,,,,,,,,,,,,,,,,,0.0,,,,,,,,,,,,,,,,,,0.0,0.0,0.0067223604,9.205732e-08,27743.922,0.8826225,-260.32693,0.0,0.0,1.0,-8.121068281382733e-13,6.767695e-12,2.1988404e-16,0.0,0.0,0.0,7.479999999999999e-16,7.839052729182879e-14,5.955587942767516e-12,1015.3659720632922,5.261388676723436e-14,3.3301072279687545e-14,0.0,0.0067223604,9.205732e-08,27743.922,0.8826225,-260.32693,0.0,0.0,0.0,-8.121068281382733e-13,6.767695e-12,2.1988404e-16,0.0,0.0,0.0,7.479999999999999e-16,7.839052729182879e-14,5.955587942767516e-12,1015.3659720632922,5.261388676723436e-14,3.3301072279687545e-14,0.0
260,260,260,121.18810017903648,25.18354797363281,2537.46,885974.0,TVJ571,154.847777644,0.714361816209409,34610D,279.32013,12.032259,4.948343,153.6933826990994,62159.87002240735,-2.096926967026641e-05,0.1837239530118238,8.23397739,-0.0010786371041466,-963.573904159603,0.0067159200361662,74331.44769450775,0.7991863961638169,0.06861647825,0.1083424332019841,descent,15,GTF2035_wi,0,43031,1.237,3.16,3.16,6.17896556006624,0.8853473954023058,0.4587343563203175,0.0,4.643383640394266,7.604789120288053,5641739137918683.0,6.56888084110924,599.672715462751,974.260513872441,0.671592003617,0.0149618504580192,0.0918619765059119,-0.0005393185520733,6.13974700279645,6.098788030068979,15.188367976765049,0.1894574013556985,2371798599459738.0,0.1837239530118238,0.0005405228489266258,3.2339761660934904e-06,3.16,35.8,2023-02-06 05:20:00,0.006715920036166269,0.7991877156496431,0.0,260,743.3144769450774,0.006715920036166269,12.032259,4.948343,0.7991877156496431,0.26059884,0.0,0.9270705914413095,1000.3070763512612,8952.079640635618,-0.6568971427867103,-0.7539802011980529,3.461142916865034,239.33527046663278,0.8480783374901782,inf,0.0,234.41662614028192,,,,,,,,,,,,,,0.0,0 days 00:00:00,,,,,,,,,,,,,,,,,,,,,0.0,,,,,,,,,,,,,,,,,,0.0,0.0,0.0065850313,5.435144e-08,25642.963,0.8325169,-262.0705,0.0,0.0,1.0,-8.223569815950742e-13,7.002411e-12,2.1868489e-16,0.0,0.0,0.0,7.480000000000001e-16,8.130738652633761e-14,6.1800539720476425e-12,1016.2026702639323,3.6823355147973345e-14,2.6055877995299265e-14,0.0,0.0065850313,5.435144e-08,25642.963,0.8325169,-262.0705,0.0,0.0,0.0,-8.223569815950742e-13,7.002411e-12,2.1868489e-16,0.0,0.0,0.0,7.480000000000001e-16,8.130738652633761e-14,6.1800539720476425e-12,1016.2026702639323,3.6823355147973345e-14,2.6055877995299265e-14,0.0
261,261,261,121.12108866373698,25.13067626953125,2251.71,885974.0,,154.590555422,0.7140993438592442,34610D,281.01263,10.102835,3.2721448,140.96189393280216,62151.63604501735,1.4945199218515165e-06,0.150149721246508,8.3821573275,6.85024258709746e-05,-2787.4174843071687,0.0064705314423448,77041.77296971543,0.6991171221470334,0.0698513110625,0.108134757252532,descent,15,GTF2035_wi,0,43031,1.237,3.16,3.16,5.15834087221824,0.7403739240287154,0.4194652885113859,0.0,4.703951674534999,7.600399854993205,5638465475849443.0,5.36160064113378,573.376699946708,951.614015200171,0.647053144234,0.0148859135533582,0.075074860623254,3.42512129354873e-05,5.04334922772123,5.010925874296337,15.422245246486105,0.1517151793072317,3206574481354269.0,0.150149721246508,0.00047915885578545296,4.350935295500744e-06,3.16,35.8,2023-02-06 05:21:00,0.006470531442344818,0.6991177228666351,0.0,261,770.4177296971543,0.006470531442344818,10.102835,3.2721448,0.6991177228666351,0.21149316,0.0,0.9550868772240707,999.939304851017,,,,3.5866711771146833,239.74115773989507,0.7540127200869048,inf,0.0,233.71051195350418,,,,,,,,,,,,,,0.0,0 days 00:00:00,,,,,,,,,,,,,,,,,,,,,0.0,,,,,,,,,,,,,,,,,,0.0,0.0,0.006318202,3.235349e-08,22772.484,0.7427192,-263.6824,0.0,0.0,1.0000000000000002,-8.362929603582516e-13,7.392432e-12,2.1754683e-16,0.0,0.0,0.0,7.479999999999999e-16,8.619536138413842e-14,6.556139580562359e-12,1017.0357620068104,,,,0.006318202,3.235349e-08,22772.484,0.7427192,-263.6824,0.0,0.0,0.0,-8.362929603582516e-13,7.392432e-12,2.1754683e-16,0.0,0.0,0.0,7.479999999999999e-16,8.619536138413842e-14,6.556139580562359e-12,1017.0357620068104,,,
